-1779.825205	
-3236.467413	
-3779.214257	
-4476.588093	
-5348.383275	
-5918.967419	
-6388.295899	
-7097.844313	
-8268.607593	
-9501.741716	
-10445.784710	
-11042.070590	
-11598.087390	
-11925.197120	
-11951.841090	
-12082.968770	
-11957.000030	
-11791.377070	
-11292.252850	
-11265.945410	
-11239.344750	
-11093.099390	
-10615.954470	
-10227.515600	
-9639.524744	
-9288.710345	
-8596.380821	
-7879.161751	
-6745.332299	
-5592.399042	
-5295.840102	
-4528.459688	
-3726.358751	
-3258.399847	
-2697.545654	
-1693.570542	
-1272.722961	
-502.996019	
757.427727	
1634.313370	
2662.544917	
3810.298737	
4955.740217	
5368.906895	
6163.552481	
7720.059380	
8175.515463	
9052.043919	
9720.584124	
9876.374365	
9860.692206	
10273.794810	
10039.158940	
9401.401369	
9096.565110	
7155.085311	
6741.725384	
6606.629986	
5918.924287	
4820.435873	
4148.023057	
3241.839325	
2465.213214	
1912.792173	
919.648771	
668.110663	
-126.338367	
-983.037125	
-14694.649270	
-14802.492030	
-15011.790430	
-15290.125000	
-15703.266860	
-16189.095540	
-16413.676490	
-16507.164340	
-16690.257150	
-16750.579750	
-16768.457520	
-16817.732560	
-16807.254920	
-16793.130590	
-16743.612860	
-16734.086660	
-16617.340320	
-16241.757880	
-15848.835160	
-15512.753240	
-15084.848310	
-14611.829840	
-14352.934380	
-14031.594700	
-13622.945100	
-13381.018720	
-13216.382570	
-12934.639740	
-12717.572370	
-12497.826650	
-12352.873350	
-12080.593460	
-11993.037540	
-11890.164790	
-11774.938640	
-11799.500750	
-11846.127630	
-11860.757880	
-11904.793970	
-12008.759160	
-12152.790290	
-12159.955990	
-12363.406780	
-12601.969240	
-12738.345490	
-13155.879370	
-13578.930000	
-14052.277100	
-14314.242880	
-14574.143610	
-24702.174800	
-25150.904820	
-25447.468650	
-25838.139640	
-26260.948660	
-26828.943670	
-27322.778820	
-27930.079330	
-28507.073810	
-29059.021470	
-29599.260000	
-29941.895070	
-30238.133770	
-30406.690180	
-30605.975320	
-30600.635940	
-30483.481630	
-30078.322290	
-29523.404930	
-28435.896010	
-26695.439590	
-25188.516980	
-23882.775740	
-23238.442710	
-22646.172820	
-22068.658210	
-21677.600080	
-21480.586430	
-20979.402640	
-20587.601840	
-20292.915750	
-20064.320080	
-19834.105240	
-19681.043260	
-19615.071210	
-19646.409590	
-19639.734580	
-19750.421290	
-20218.614540	
-20764.888380	
-21429.080590	
-22021.130350	
-22800.300220	
-23486.876790	
-24012.070230	
-24505.058690	
13600.865900	
14744.390000	
14372.753100	
12937.682300	
10463.573400	
9846.123400	
11134.520600	
9548.693000	
9215.367800	
7207.256200	
6287.129900	
5191.399300	
6242.836700	
6643.114400	
10106.328500	
12288.854100	
13504.192300	
14061.406600	
14688.152200	
13437.682300	
13519.475500	
12187.529700	
11731.792400	
10766.985200	
7873.967700	
7414.947000	
6839.357700	
7473.308500	
10338.701500	
10042.400300	
11443.218100	
11098.033800	
10052.165900	
8852.165900	
6397.649300	
5259.999800	
5036.562300	
5432.399700	
8080.461800	
9033.489100	
10338.903700	
10778.526400	
11643.437900	
10634.197200	
10732.445400	
11480.651000	
12133.299900	
12640.398300	
12285.100500	
11961.199100	
10355.248200	
7437.779900	
7242.388100	
5680.452600	
5555.928700	
4467.815300	
3368.599600	
1091.399300	
1687.483900	
3355.873800	
4214.345500	
5077.599300	
4764.379000	
6443.624000	
6191.399300	
8025.945200	
8468.749200	
8674.803800	
9787.169600	
10769.524300	
11791.399300	
12009.984500	
14036.193000	
16139.495000	
15796.520100	
17539.495000	
16543.303600	
18139.495000	
17003.490400	
17635.002800	
17675.292100	
18991.398500	
20591.398500	
22491.398500	
23150.994000	
22346.929100	
23330.394700	
24494.884400	
24258.989600	
25081.243100	
25607.085300	
25612.102400	
26191.631200	
26791.399300	
27927.239100	
28047.124400	
28271.977900	
27580.821900	
28895.214000	
27287.725000	
26543.303600	
25343.169300	
25243.450100	
23743.303600	
24046.446900	
25286.211300	
28181.963300	
28750.255500	
30997.911800	
31245.073600	
32839.495000	
29485.552100	
28466.411500	
29107.610200	
28209.136100	
32643.236500	
33128.038700	
32155.528900	
32423.046000	
33042.211100	
35064.043300	
35134.624400	
36329.943000	
36798.607600	
38131.291900	
37735.436200	
39938.060700	
39153.191300	
39438.585600	
38744.213000	
40950.279900	
39086.321200	
39191.399300	
36901.610500	
35591.399300	
35414.678100	
37091.155200	
36285.607100	
36858.428100	
37769.451100	
38753.997000	
39550.792600	
38146.099000	
38122.972800	
35046.929100	
35991.399300	
33800.175200	
32737.682300	
32548.882200	
28989.665900	
28791.399300	
27791.399300	
28255.980600	
27285.887800	
27891.399300	
25710.314100	
26437.682300	
25487.035300	
25864.130600	
25466.875400	
24546.025800	
23374.712300	
22746.025800	
22327.155300	
20957.689600	
19691.399300	
19934.960100	
19355.736500	
18829.253300	
18591.398500	
16191.398500	
15891.398500	
14691.398500	
13291.398500	
12891.398500	
11891.398500	
6991.398500	
5691.398500	
5091.398500	
3091.398500	
-708.601500	
-5008.601500	
-6208.601500	
-6908.601500	
-8608.601500	
-9808.601500	
-10408.601500	
-10108.601500	
-11208.601500	
-10908.601500	
-12108.601500	
-13308.601500	
-14508.601500	
-14408.601500	
-13308.601500	
-13308.601500	
-13608.601500	
-15908.601500	
-15708.601500	
-16708.601500	
-15508.601500	
-15908.601500	
-17308.601500	
-18008.601500	
-19908.601500	
-20008.601500	
-18008.601500	
-18808.601500	
-20208.601500	
-21008.601500	
-23408.601500	
-22908.601500	
-24108.601500	
-23108.601500	
-23308.601500	
-24408.601500	
-26308.601500	
-25308.601500	
-24208.601500	
-24308.601500	
-29408.601500	
-30908.601500	
-32308.601500	
-33508.601500	
-34008.601500	
-34608.601500	
-35608.601500	
-34608.601500	
-33408.601500	
-32645.201100	
-31608.601500	
-30408.601500	
-32008.601500	
-32808.601500	
-32708.601500	
-31508.601500	
-32408.601500	
-34008.601500	
-36008.601500	
-36608.601500	
-35208.601500	
-36308.601500	
-36400.150700	
-30317.662900	
-27359.702400	
-19495.881000	
-18034.171400	
-17195.905400	
-18055.787000	
-17061.414400	
-18012.272000	
-17387.741900	
-16798.392600	
-16534.089000	
-15232.270100	
-11884.571200	
-11884.632200	
-9661.838600	
-9338.501800	
-7362.204800	
-6748.484100	
-7303.647700	
-6879.380100	
-8008.600700	
-7509.021800	
-6598.328500	
-7134.522300	
-6543.164900	
-6953.070900	
-8463.068500	
-9361.124500	
-11876.975300	
-9404.725000	
620.430700	
10605.455700	
-1758.601563	
-1158.601563	
-558.601562	
-558.601562	
-308.601562	
-58.601562	
-58.601562	
388.966963	
841.398438	
1441.398438	
1841.398438	
2241.398438	
2485.398438	
2741.398438	
2741.398438	
3141.398438	
3903.898653	
4666.398869	
5428.899084	
1441.398438	
24341.398440	
24441.398440	
24097.398440	
23841.398440	
23841.398440	
30076.641880	
9441.398500	
-2858.601500	
-33358.906800	
8216.398500	
-16956.217910	
-11936.781140	
-11625.806170	
-11555.579150	
-16855.815540	
-17074.861180	
-11745.703980	
-379.316188	
262.113063	
23520.683810	
-17071.206160	
-15002.568230	
-13071.721070	
-21320.433140	
1416.220472	
2363.398438	
2363.398438	
23969.398440	
-11586.080940	
-11956.998790	
-11660.074760	
-11698.291300	
-11493.584410	
-16959.072740	
-17081.016690	
2613.398438	
-11283.302900	
-14503.303210	
-24922.014400	
-1039.673500	
-77.529625	
3222.470375	
-16561.059140	
-12034.599510	
-15277.009550	
-13349.660490	
-12507.502180	
-12282.410170	
-16923.845600	
-17075.256160	
-17548.577430	
2707.614943	
-11302.035120	
3085.614943	
-13667.101520	
-17418.851230	
-13049.165980	
-11690.017680	
-25565.330260	
24269.398440	
-11964.635030	
-379.316188	
23520.683810	
23572.842820	
-11666.128880	
-14129.102800	
236.670317	
-15839.791220	
-14955.021080	
-14581.503670	
-17400.410800	
-17411.387210	
24801.876690	
-11105.583450	
-14992.521910	
-17347.676220	
-17998.913330	
-11424.758170	
-17678.618700	
-11430.785880	
-18051.995920	
-11156.805760	
-9670.835580	
-10534.936760	
-5815.417566	
-31245.858050	
-13250.097580	
-18972.115750	
6654.284196	
7071.332848	
1903.898438	
-764.406231	
884.624469	
-21746.422660	
-21051.421700	
256.395950	
781.638079	
2632.378297	
1719.766868	
24079.228710	
-11537.590610	
-11150.577870	
-16199.029180	
-17115.515850	
-12336.739170	
-11779.954420	
22910.132300	
-14165.008930	
25032.827690	
-16877.625270	
-10858.667050	
-30875.693310	
23716.204140	
-10657.360000	
-16606.102040	
-11800.704580	
799.969187	
-10518.319250	
-10893.173000	
-10526.379010	
-10418.550350	
-1079.287567	
-12367.518280	
-7680.607234	
11113.580330	
11311.824560	
31162.523550	
-24399.845740	
-77.529625	
-12625.244710	
-16895.534700	
3927.832068	
-12622.702360	
-25971.568070	
-25994.862430	
-26426.886680	
-15362.420970	
-14014.074540	
-18175.938990	
-9208.601500	
-31057.601430	
6936.879030	
1993.363063	
-870.567747	
-22326.822380	
-21119.792360	
-20330.777690	
1334.933058	
-10856.668430	
-11471.855910	
-15774.890260	
-30286.444150	
23166.873320	
-5948.111352	
-9715.675569	
11537.389710	
11045.175480	
31667.060210	
668.577593	
-17555.804640	
-12406.283180	
-12143.765900	
-26958.568280	
-15545.092640	
-20641.892930	
-19897.106800	
23487.868900	
-9862.693538	
11786.158970	
10911.850940	
-12256.949650	
-19735.653400	
-11566.602000	
-11494.645860	
-3933.601500	
-28500.928680	
6341.398500	
10524.637270	
31961.303510	
3837.798561	
-11314.078130	
244.791403	
-19113.927160	
-18844.593260	
2229.999450	
-523.546381	
3061.710135	
2052.106739	
-12626.673230	
23019.833360	
-30931.492740	
-30489.773800	
-17180.704990	
-23799.183640	
3524.047955	
-18955.690170	
-32030.319740	
-30871.143040	
-1709.833933	
-22985.863170	
-21847.201880	
-22406.814940	
-11925.646860	
-16174.972510	
22256.081750	
-27672.382380	
9686.196400	
-19516.499020	
-3715.020015	
-1077.381589	
-19231.828590	
-18113.386500	
1560.628082	
402.005794	
2391.177644	
22817.818960	
-31751.688140	
-23053.079360	
22060.103590	
-4471.101500	
-3396.101500	
855.962629	
-18816.902520	
-31306.359150	
-24031.105560	
-3039.749954	
1448.137634	
-19316.123320	
-1783.601500	
1804.566452	
-19431.415620	
2006.841828	
968.308981	
-18607.514620	
-13159.203800	
-12893.671420	
-3995.510240	
-23673.654680	
-31636.100310	
9933.428396	
8505.911632	
8452.284583	
11122.700930	
19210.450480	
21770.351520	
28191.204130	
11197.591300	
-6168.865670	
-6656.089811	
8160.809629	
-13374.080660	
24717.992410	
-11680.579300	
-25279.043490	
-8315.256194	
799.969187	
-5179.950717	
-6647.951262	
-14860.359280	
-10411.148260	
-11123.840000	
-29262.351070	
10510.868110	
4786.496150	
-12496.457620	
860.914942	
-12279.790210	
4515.393886	
-1935.563835	
-22598.934990	
-12434.528980	
-16907.658980	
-18585.812620	
1044.376183	
-21208.197830	
-18889.930330	
-18244.220060	
2620.748121	
-23781.317210	
7888.863111	
11042.517100	
24485.231260	
25770.852640	
-27223.966790	
-9054.325905	
-7657.690666	
-7734.633007	
-14995.362150	
-10857.357940	
-10820.313120	
-14929.001140	
-17584.257940	
1027.348632	
3658.863254	
-23254.241240	
8715.819035	
-7312.247025	
-6358.242752	
-14469.680820	
-10988.317500	
-11094.528140	
-10574.931440	
-9904.459867	
-18189.345040	
2754.476033	
7743.554087	
-10126.196520	
-10502.846630	
-9431.304662	
-9970.823292	
-34879.528750	
-7495.246279	
11371.253010	
36235.141250	
34190.235560	
6364.188934	
17402.335130	
24493.376850	
29874.083650	
32282.545230	
-6271.071960	
4256.642954	
-750.091657	
-20127.529560	
-17791.093610	
30932.600420	
32001.009270	
-16239.541400	
-16133.060770	
5643.641641	
-11412.798010	
-1794.578334	
-30335.542630	
-21176.886110	
10345.721540	
9774.608441	
10620.744570	
2349.680829	
24376.937000	
-2205.954954	
-12613.728330	
-12767.024860	
18563.692110	
18130.830610	
28942.139480	
7723.539156	
10666.398500	
-22118.723660	
-20728.761250	
-9090.142507	
-16951.886720	
11580.653470	
12317.544460	
-27948.954670	
-8713.445800	
-13794.147520	
-4978.548804	
-11987.322390	
-18188.274090	
-17493.859970	
-17494.410210	
-8645.444206	
-35890.806180	
-8350.353300	
10461.646040	
11930.200550	
37179.057020	
17659.213400	
18596.401330	
18735.362200	
-19033.756720	
-17756.002150	
30324.037830	
-22076.466330	
-19998.346850	
9030.570240	
10434.818570	
24317.963300	
23583.916280	
-13776.539840	
-14177.775620	
30077.336540	
29312.104260	
9072.527990	
10393.188280	
-19927.529540	
-28158.720530	
-7758.601500	
-13885.614570	
-16298.920070	
-8559.161174	
11201.107170	
-18272.619070	
23703.383430	
7752.198250	
-19889.906400	
-29084.879220	
22878.887060	
-19008.601500	
-31477.529560	
-13875.208670	
-6317.447175	
-5218.059306	
-5161.828212	
1191.398500	
6941.805931	
7603.898500	
5156.587841	
24313.232710	
33849.869470	
39152.394800	
10510.215420	
10384.029610	
29627.947550	
33896.333470	
-12219.349500	
31263.949650	
-19210.834740	
-19073.886320	
-18050.490030	
463.192615	
6672.069858	
5514.420079	
-13611.141720	
3068.682280	
-26225.173120	
-10074.228200	
-3252.385910	
4579.399157	
-22945.373130	
6605.821140	
8651.846996	
1139.398047	
31359.939190	
32899.180210	
-31428.252590	
-29496.094980	
-22479.182210	
-11667.433810	
-18476.447910	
-8181.797226	
-12865.975470	
10162.247670	
-8406.539417	
21384.725170	
-13056.736520	
33138.128720	
-21842.525580	
-17521.698120	
-590.647439	
-659.970821	
5046.641642	
6065.022666	
2202.615882	
-25248.376770	
3970.585718	
-21829.656000	
8420.245236	
32001.587840	
31327.929370	
34057.924260	
-21400.802760	
-9063.627221	
-18347.914640	
200.174794	
34.088095	
-476.388891	
-26700.194200	
9497.383696	
7228.625824	
30394.088160	
-8655.423898	
-8830.113910	
-17631.662540	
-18451.471800	
-1458.941153	
-16482.878400	
-2006.148682	
-16237.571070	
-12301.458640	
-24670.828570	
-18209.759460	
-10773.235400	
4666.895279	
15010.003150	
28174.978680	
36172.207140	
35335.576750	
6503.137012	
5709.253638	
9376.680177	
5612.943200	
5644.673495	
8211.312000	
14062.917250	
13511.012950	
28327.891140	
29464.380810	
26019.307780	
28823.643870	
29746.028860	
-32894.868430	
-31258.067000	
-33078.215260	
-32108.601500	
23060.369050	
21953.983290	
12853.502600	
12511.493390	
8125.825210	
-12037.117890	
-429.246770	
5633.718244	
-20006.298490	
23115.888170	
-10317.501680	
-16037.775390	
-780.014745	
9403.766391	
2243.745451	
-2052.797576	
-2876.055885	
1478.135347	
2348.803328	
1452.847184	
17770.915070	
18685.350920	
19606.375040	
20114.430030	
20379.603330	
17648.686740	
11350.934040	
-15656.689350	
-7997.670468	
-17691.744860	
-18958.601500	
-5830.863187	
241.398500	
23915.292000	
-13477.506110	
-18083.539530	
7467.436673	
-14758.601500	
-8926.080980	
-3314.157805	
194.864589	
621.487827	
-281.026484	
-30719.308080	
-31608.601500	
-30158.601500	
-29319.393630	
-26858.601500	
-28133.601500	
-10965.142520	
-10474.432720	
-10337.038900	
-9075.435133	
-9444.154853	
-7915.739952	
-9283.409253	
-8094.669726	
116.621885	
-956.326545	
-51.254579	
-291.088282	
799.136956	
6081.489272	
5429.231991	
7084.873902	
4708.385001	
4538.895183	
5382.682419	
4237.631762	
6207.378004	
3197.601726	
4947.416298	
-20041.497410	
-20706.072860	
-19877.297220	
-20634.745580	
-20813.048260	
-21350.671960	
-22324.070020	
6370.479654	
6197.779100	
5577.176592	
5170.904419	
-6781.453191	
-17339.066250	
-16567.718490	
-25808.601500	
-23841.279410	
-23427.791700	
15168.469420	
16426.986420	
13991.398500	
13809.655270	
14150.700830	
28908.309990	
34332.152440	
34858.429820	
11270.625950	
5305.058017	
7000.524543	
9320.476450	
5114.138717	
3892.093487	
27672.980380	
26773.647760	
-32597.750730	
-32027.134520	
-33249.929630	
-31004.792420	
-30154.242210	
-32200.471980	
-29841.541660	
-32224.815680	
-33049.865660	
-30455.424220	
11880.026070	
11542.007140	
10604.985130	
12156.550990	
10962.530500	
-11132.743280	
-18975.978690	
23593.542660	
22437.212580	
24761.717820	
24365.439330	
23919.570280	
23100.237990	
24255.407610	
25807.076240	
-9029.077097	
-16154.402820	
-385.429495	
142.859205	
-1343.181794	
992.317871	
-2305.398770	
-249.378268	
-2552.787831	
9669.273092	
1707.118659	
906.177625	
2943.978853	
-1614.758779	
-1143.595935	
-2873.507993	
-365.807422	
-1480.039924	
-3796.385677	
19486.227910	
20735.848450	
19662.142740	
19090.679060	
21356.027270	
20906.892970	
21485.271890	
21553.786230	
22173.922490	
21143.157540	
22370.651650	
21584.716820	
22216.018590	
21310.040200	
22929.612220	
13091.398500	
12246.694290	
12418.278480	
-15605.954980	
-17236.300220	
-14663.332050	
-16355.791980	
-16759.403990	
-16925.348350	
-17715.287440	
-18408.601500	
-18912.812890	
-18162.172560	
-16867.618260	
-9833.980247	
-7443.990400	
-4041.610679	
24842.160600	
25006.450600	
24678.990070	
22281.344140	
-8969.935514	
7888.654266	
5512.657805	
5741.533913	
6375.886112	
5810.042929	
7387.633187	
5026.275046	
6607.866162	
6675.028519	
7617.414717	
7841.590279	
-20843.442170	
-21352.791280	
-19836.584300	
-22120.113400	
-23450.233150	
5430.218264	
3884.450556	
-7806.796215	
-14802.364110	
-25284.601500	
-18701.811580	
-18765.026200	
-19261.644120	
32372.726630	
35380.796200	
34293.283240	
35857.973930	
35288.299170	
36348.668010	
35326.648550	
33897.393610	
10253.454410	
5457.089507	
6831.386893	
3739.841332	
5983.359302	
4609.061916	
6655.064001	
5923.564398	
4366.342266	
3922.527343	
7486.140653	
3116.686950	
7748.316844	
3292.744306	
5602.239060	
4729.242197	
4760.331046	
26880.722540	
28091.469500	
26963.180350	
27704.807630	
26189.646040	
26734.087300	
28612.057710	
29663.388380	
25935.043870	
-32330.161690	
-33328.638450	
-30570.290650	
-34288.141280	
-31224.388040	
-31543.588140	
-30215.579510	
-30784.892840	
-30904.281420	
-29247.137840	
-30049.773100	
-28941.397320	
-10658.601500	
-11373.972730	
-12012.328980	
-12706.632210	
-18965.101270	
-19818.353150	
26175.646400	
-9886.759567	
-9446.500901	
-10072.117010	
-9800.040037	
-8498.418773	
-7193.075111	
-7401.789460	
-8148.974544	
-7450.600972	
-8523.994108	
-15786.277010	
-17678.460350	
2031.026161	
1639.656105	
1025.126353	
-3358.803634	
-3900.196252	
23716.464930	
-14436.204800	
-17725.913410	
-17713.264450	
-18608.601500	
-17190.290530	
-16993.386570	
-15759.410070	
-15992.298190	
-8980.580854	
-9665.608755	
-8941.626607	
-4839.693974	
-3496.829042	
-4392.147150	
-6315.228585	
-7772.779004	
22626.231560	
23286.902810	
-9260.819408	
9597.926763	
5272.310473	
6589.648121	
3814.837816	
4406.796714	
4657.488561	
4070.754990	
3518.259293	
4250.509241	
2359.584023	
2679.418970	
3062.531881	
1533.243244	
3213.262747	
2296.563681	
3328.982933	
8110.309965	
6822.281421	
-21737.265060	
-20410.303240	
-20906.046910	
-19993.143670	
-18989.678880	
-18691.457110	
-19030.819180	
5569.633150	
6948.561834	
4458.987718	
-7389.658350	
-7303.014314	
-15663.385330	
-15619.640670	
-14379.698630	
-15029.707020	
-15491.839000	
-14847.760220	
-14906.825400	
-13399.066660	
-13798.060150	
-14156.695860	
-14081.187070	
-12602.152720	
-21461.836350	
28872.812680	
33408.760160	
36630.091390	
30679.782660	
8426.364083	
2141.464576	
8703.414762	
8109.199450	
4225.960422	
5899.396763	
8374.721450	
7508.917925	
6609.420777	
6344.299232	
7435.003160	
6213.472399	
8130.566860	
4858.031013	
6962.853259	
7207.154177	
7759.442117	
9240.524975	
8503.940789	
9003.595459	
6284.781663	
7893.218800	
8499.337600	
9002.648913	
9559.501866	
28088.193470	
27380.814520	
-33026.901300	
-31780.952600	
-29957.125070	
-29326.342110	
-30925.233540	
-19155.492120	
-20015.423980	
-18454.613620	
-21435.083940	
-21020.415760	
25261.066340	
24924.573510	
26198.459830	
-5692.541669	
-14765.936870	
-17008.432790	
-16740.595210	
-18023.425240	
-17450.129880	
2336.077744	
3160.346967	
3736.345120	
694.084794	
-386.471382	
898.366188	
-566.559756	
532.865510	
2171.796428	
-2485.204141	
-2100.426690	
-3506.833458	
-4357.970995	
-3461.662268	
-5478.248218	
-3067.950835	
-3227.017998	
-5318.859544	
-6394.986645	
-13172.458460	
-14833.292510	
-9938.401044	
23345.507750	
-8101.692863	
-10735.095590	
8829.518486	
9828.948346	
2164.634272	
9370.541486	
-19184.019070	
-18226.174800	
-16937.547890	
3390.711629	
-7185.224162	
-14952.713360	
-12627.057910	
28613.342810	
29732.711980	
26800.856700	
27735.824980	
27102.439880	
32690.537930	
33035.598180	
36184.057110	
29818.696620	
30818.881670	
3068.463030	
2820.731607	
2785.675312	
1722.726242	
8173.635482	
5098.799620	
4364.815075	
5144.840488	
3050.261866	
4569.721365	
8085.137772	
7222.532049	
9912.695839	
10652.431670	
11959.661050	
10771.870820	
11394.520390	
-23060.390710	
-20711.117760	
24181.753020	
28124.979930	
27479.707830	
-6586.391202	
-5912.156698	
-6389.335488	
-13255.336500	
-18989.014950	
-770.218410	
-10.039145	
313.372976	
-1345.923795	
-1296.239299	
-1992.881144	
-2731.434271	
-3199.868897	
-3559.265156	
1617.980776	
-373.942881	
-4741.786862	
590.636478	
-4902.797671	
-835.039242	
3962.681147	
-6974.872082	
-13789.895310	
-13992.208640	
-13359.468980	
-12762.370010	
-11746.413150	
23037.526290	
23917.766210	
21772.951890	
25675.582950	
24411.442370	
24813.390260	
-7261.920138	
-7357.950753	
-6941.794257	
-6141.723366	
-8234.850107	
-4745.686705	
-5939.112929	
-10149.414220	
-9854.782988	
-11589.749710	
-9317.826561	
-10437.134260	
10795.149290	
10716.123650	
8539.515062	
8213.365998	
9307.419993	
8339.825153	
10787.772860	
10135.869000	
10887.057650	
12087.941660	
11509.433120	
12349.896410	
13537.496270	
13023.088750	
-17949.092240	
31181.408520	
32800.372800	
33493.714560	
31283.898640	
34710.834400	
33557.902670	
34937.535460	
37293.473840	
920.972686	
7675.116536	
8933.404008	
7060.819175	
4073.516538	
3704.914894	
-22054.984200	
-20551.069730	
27061.812420	
26630.550900	
27298.283240	
26711.227970	
28387.001970	
-6177.164891	
-4641.733633	
-13817.501070	
-12714.341720	
-14907.344750	
-14569.605820	
-14053.482200	
-15464.965410	
-13118.660120	
-15918.303460	
-14302.135550	
-11571.716790	
-165.351550	
998.347195	
55.100179	
448.354651	
-815.577545	
3101.891890	
4501.374043	
5602.165238	
4850.492975	
5615.391717	
6245.070249	
7373.991996	
6444.573048	
4466.382440	
7120.170708	
6368.265383	
6756.430750	
5517.597405	
4989.297143	
-13864.574740	
-12125.217240	
-12283.493980	
-12885.573060	
-10725.875050	
-10794.193920	
25962.358800	
23406.440200	
-8869.576852	
-7886.779258	
-9871.777344	
-7030.235043	
-11938.132620	
11280.461800	
9587.827027	
9113.639032	
9257.658825	
10506.416890	
10458.233030	
13666.770000	
15212.337970	
14671.209750	
16319.908120	
15087.844000	
15563.848820	
16705.260700	
14562.018500	
-17055.354120	
30646.424590	
32249.971310	
30003.457570	
34711.914740	
31776.220150	
35745.148050	
35022.624160	
34439.018840	
34013.185240	
35860.914840	
33521.253480	
32487.289760	
33130.523060	
32637.065760	
32788.236670	
31802.351840	
31386.128370	
33568.335070	
31651.709160	
34103.230800	
37797.889690	
1767.258151	
435.312269	
2157.547056	
933.891462	
1295.818451	
-509.272830	
1880.406786	
822.992719	
7763.527088	
9357.327575	
6861.071325	
3063.174973	
-23142.669550	
-21833.422340	
-19489.759750	
27561.212740	
27572.455550	
28394.169010	
27144.921840	
29951.742270	
-4181.482812	
-6140.332414	
-5409.352531	
-4042.559747	
-5564.451885	
-4534.378709	
-6538.522842	
-7372.272304	
-11410.128350	
-13683.357280	
-12227.023730	
-13140.782650	
-12501.819890	
-13553.993660	
-11025.341890	
-11771.643560	
-10591.567750	
-11860.264570	
-11618.728690	
-15244.328390	
-14900.080910	
-16184.557720	
-16069.135580	
2872.700378	
2111.848721	
1450.321613	
-13882.822720	
-14828.735540	
-12825.235870	
-15056.727310	
-10887.545510	
-10092.014850	
25134.192350	
24806.948400	
24197.443060	
23328.474120	
21975.040130	
22573.167890	
-6117.614598	
11356.989600	
12411.475840	
30861.869260	
34395.066670	
32515.747550	
32024.457640	
37082.123790	
38848.445800	
26028.620670	
8704.458439	
9933.688169	
6498.029770	
3968.807462	
3308.620511	
3922.531556	
2348.893796	
712.448071	
1630.774722	
-22821.742070	
-22256.066520	
-24400.556280	
-21237.033410	
-22471.573610	
27578.868920	
26802.184540	
29069.876110	
25873.133620	
25208.883630	
26627.254310	
29496.932600	
-5203.642314	
-12423.312840	
-12860.454580	
-13120.255030	
-9930.084326	
-14987.645630	
-15743.989010	
-16668.520470	
3644.627876	
3446.437023	
-12888.324890	
-11801.347530	
-10913.384170	
-9246.446229	
-6319.018431	
-4681.486037	
-7000.434986	
-6921.127757	
10625.165010	
11353.122900	
30714.053650	
28843.639470	
35711.767260	
33179.587870	
31322.438670	
-5360.540733	
23482.398230	
-5783.658222	
25020.630200	
28107.314490	
-5092.856173	
-4435.570354	
-10860.952450	
-10427.088460	
-10339.869400	
-8976.992823	
-9807.310008	
-9720.767363	
-9261.130774	
-8348.201203	
-8103.864259	
-14094.386230	
-9435.515302	
-10064.567570	
-8183.479102	
-11178.890850	
-10019.252820	
9763.175202	
11835.551060	
11925.287510	
31729.534910	
29169.786190	
29879.087120	
27551.527370	
27056.818470	
28771.702110	
-4854.254722	
-5667.014084	
-5927.563808	
-6432.820105	
-5266.331751	
-3588.001960	
-6411.056916	
-7320.878395	
-10998.147490	
-8190.110514	
10436.815520	
9571.446376	
11132.397410	
8601.352634	
8658.520317	
13219.991370	
33032.321050	
31977.318990	
28119.003930	
29700.180510	
-985.617824	
26238.510530	
-5866.027285	
-4316.419059	
-7406.772190	
-7253.606394	
-6618.840996	
-7064.504739	
-7878.195520	
-5754.376744	
-9270.805044	
-8321.786692	
-7989.936736	
-8604.165156	
-10779.210280	
-8981.612669	
7283.432551	
9007.223645	
27217.048750	
27841.049750	
29514.301740	
30372.521060	
28400.196030	
30958.009480	
-99.737441	
-1885.858225	
-934.075931	
27730.936710	
-4074.538056	
-9918.341025	
-7180.711916	
-12524.607370	
-9619.838634	
-7857.297511	
10120.749870	
27357.052010	
28037.095760	
25750.280030	
26491.321240	
25637.760850	
24174.146260	
24507.181160	
-2863.557750	
-4467.802744	
-4970.930856	
-2931.106351	
-5508.819907	
-5254.358670	
-4600.657379	
-5495.620814	
-4966.216173	
-3143.409392	
-3786.504291	
-9302.774971	
-7535.529381	
-8281.179360	
-6435.061937	
-11627.119390	
-11917.739370	
-12384.723210	
-12321.756670	
-13037.294250	
-1819.161468	
-2270.381565	
-1821.111360	
-10786.195070	
-7698.431088	
-6786.522454	
-8669.529524	
-5586.855204	
-9413.113696	
-10577.226140	
-14239.719160	
-14534.481680	
-2134.671867	
-1396.625143	
-2101.357067	
-1366.747981	
-3148.838798	
-2745.876982	
-5347.620988	
-13383.780100	
-13572.475770	
-2374.180731	
4.232245	
-3867.480105	
-3221.559385	
-2727.357471	
-4587.919375	
-4532.080239	
-12804.867010	
-14305.470030	
-13566.692960	
-4256.554931	
-4340.714834	
-2986.276488	
-1321.428912	
-1613.137116	
-3700.369191	
-12831.400020	
-11768.057800	
-13563.046870	
-13866.791570	
-14554.307360	
-1691.745112	
-995.768409	
-15642.233060	
-16132.149860	
-2556.933231	
-2735.912894	
-1772.127892	
-554.181067	
-14856.796020	
-14279.619930	
-15999.251370	
-15180.235240	
-15347.143000	
-14554.133630	
-17222.335700	
-15370.097580	
-16408.916400	
-17923.053580	
-16305.908440	
-17173.142340	
-16028.678390	
-17315.506910	
-17031.800740	
-18766.789870	
-17703.494760	
-16261.508950	
-16447.708220	
-17969.130640	
-15088.090440	
-17083.386450	
-17660.738090	
-17263.582880	
-18564.306700	
-18845.839270	
-19847.406210	
-18919.851130	
-19300.786890	
-18883.682210	
-18293.417950	
-17911.671840	
-17396.168720	
-16524.407610	
-16185.390400	
-17956.055100	
2560.748130	
2141.398500	
4091.398500	
17174.438500	
39948.715090	
37428.395420	
28658.368280	
29142.888990	
25998.639380	
-34018.639650	
24567.204830	
25175.832580	
26010.149300	
25270.420280	
29087.320280	
30007.321490	
30856.078330	
30458.102630	
30280.608130	
30813.105780	
31469.617050	
31782.420690	
31674.289720	
32148.096230	
32499.876330	
33336.931910	
33132.517580	
34454.340840	
32818.291790	
34224.318560	
33551.966710	
-6457.662820	
-5081.698323	
-22391.817190	
19614.782410	
-8950.441014	
37381.145170	
36353.171100	
35230.727420	
34622.956420	
34705.364850	
33591.670100	
33063.838890	
32434.866520	
30769.274050	
31498.181240	
-19187.460290	
-20653.094370	
-20606.293580	
-19785.455940	
-19719.415300	
-20381.022590	
-21653.586650	
-19818.847370	
-19989.898370	
-20914.738310	
-19132.580980	
-21568.921000	
-22208.601500	
-23158.601500	
-21960.567210	
-20733.551450	
-19395.643010	
-21221.663740	
-20000.113360	
-19490.265410	
-21047.162700	
-20301.489800	
-22423.342780	
-21546.637940	
-21673.154370	
-23508.601500	
9839.587022	
9632.399897	
8435.602667	
11138.817550	
-14506.803970	
9714.950258	
8265.853369	
-14908.057620	
-5471.841834	
-4315.858575	
-3994.538890	
-3467.783484	
5604.001500	
34895.787250	
35462.055070	
34649.340720	
34126.574930	
38260.070660	
-10986.327200	
-23145.266200	
-23585.789190	
-24333.352200	
-24321.728510	
-24901.408760	
-25847.599280	
-25950.014710	
-27510.856730	
-26860.057010	
-26645.229140	
-27834.595930	
-26877.563980	
-29088.349030	
-27258.046870	
-27924.925380	
-28284.891010	
-27414.800810	
-29244.036160	
-31008.601500	
-30025.132400	
-30679.208550	
-28214.321650	
-27339.448160	
-25864.662530	
-26681.404710	
-26420.242530	
-26142.662420	
-24779.393640	
-25490.967270	
-24164.868600	
-25804.130510	
-19355.289010	
9345.416300	
9158.854601	
10723.581200	
9862.083544	
21932.288560	
22013.043270	
19791.398500	
21541.398500	
21365.258940	
21133.628770	
20191.398500	
20339.750720	
-24890.953070	
34228.668060	
35099.333850	
-27341.695010	
9754.565091	
10683.321300	
9023.602301	
9126.425358	
9920.305745	
7986.548779	
9868.222471	
9358.231678	
8109.847736	
-16830.303270	
-11508.601500	
-11572.490390	
-12708.601500	
-11166.666110	
-10227.286080	
3918.207450	
14172.627950	
13208.105460	
12103.160800	
11700.627850	
12472.741250	
12545.800850	
11577.385220	
11341.333540	
11354.308250	
28645.609940	
29171.047780	
30302.443630	
31428.189850	
30625.575440	
30099.527600	
31813.048430	
29166.622980	
30896.060420	
30887.884320	
32535.960360	
31782.259560	
31374.813930	
32260.819500	
32909.797390	
30113.842640	
22257.052220	
21430.328020	
20651.868580	
20447.593980	
17661.989420	
11209.505800	
-15845.706770	
187.615290	
-13810.940240	
-14686.439560	
-15076.344460	
-14672.734330	
-15688.827030	
-13962.661050	
-14919.718280	
-14835.210640	
-17358.203380	
-17706.560930	
-30101.596330	
-28130.260600	
-27565.667800	
-8466.165753	
-8674.799730	
-8150.166075	
2859.611994	
2385.626477	
1534.524421	
4099.527316	
16123.301510	
13137.439810	
12852.717030	
14301.714750	
13765.147910	
14930.333930	
12782.369160	
6083.328113	
5338.367225	
3672.272260	
4577.173002	
4366.109549	
4077.732551	
5335.576604	
2971.132836	
5429.996281	
4748.339857	
4447.029513	
3653.001223	
2680.473086	
1988.792377	
140.485351	
1683.264218	
1056.280316	
327.754737	
946.534109	
2120.341532	
2678.977341	
2243.721575	
3245.116195	
3197.922624	
4297.754292	
2429.840761	
-827.253407	
-75.237991	
-1530.623381	
417.204106	
-667.292559	
-716.148853	
-1251.529490	
-2685.245893	
-1941.823338	
-528.273988	
-3665.616999	
-1150.262318	
-2923.850045	
-3935.609193	
-2462.397777	
-1278.788684	
-332.612489	
230.110466	
819.853273	
-302.891156	
-1189.868080	
-33878.546100	
-32359.397530	
12965.779480	
1384.072219	
349.755331	
3785.109650	
2521.678850	
-2582.504584	
-2626.776490	
-3307.134171	
-2602.169318	
-3979.854764	
-3902.430679	
-2503.388657	
-3990.185167	
-3371.034062	
-3291.265325	
-2627.943732	
-2484.868174	
-1800.621208	
-1958.701642	
-1458.079120	
-2166.067087	
20036.320030	
20631.732110	
20316.721830	
19728.196870	
19562.066850	
20707.211940	
19908.391260	
17341.399300	
20936.516890	
21800.961150	
20542.168620	
19358.223310	
-18585.437290	
5860.805428	
6395.207856	
6767.344542	
3159.216378	
2875.433737	
2141.340722	
11184.329880	
9659.151746	
-33949.760100	
-35108.601500	
-35108.601500	
-34204.322740	
-30836.795590	
-29204.070780	
-29929.398270	
-28690.370470	
-30284.589980	
-29716.751360	
-18987.151890	
-20340.312960	
-18208.601500	
6551.734817	
1091.557186	
349.564074	
-19157.785020	
-19841.985870	
7168.891175	
-31327.074220	
-17819.674220	
-17024.473290	
-17099.202010	
-15826.302830	
-16339.537560	
-15214.991680	
-16033.590510	
-14974.724050	
-15259.170320	
-13844.731700	
3001.774523	
-16715.452200	
26579.001450	
29880.497990	
1868.558825	
2601.417822	
1840.347681	
9872.333765	
3287.186228	
-4181.631932	
-5383.836882	
-4470.893888	
-5319.986604	
-3802.994846	
-8123.319951	
-5571.101395	
-5088.722975	
-4662.300894	
-3996.626571	
11264.283660	
34847.486600	
36246.504900	
35457.264440	
37095.605020	
9495.651608	
10154.848400	
9978.829354	
9232.030496	
8260.944433	
10830.244030	
10516.895180	
10985.969740	
8978.963871	
-2988.464110	
-5.250034	
791.123958	
2128.064351	
1490.901516	
3135.745688	
880.162393	
2408.143661	
3655.075918	
2063.645616	
929.244234	
-566.041928	
8113.318654	
8112.775627	
7309.941973	
6309.271552	
-13699.993440	
10203.332290	
10955.095710	
11499.862800	
17047.861150	
15162.829390	
15823.570290	
-19294.000030	
-18811.977630	
-7767.938100	
-8345.552292	
-9187.797875	
-11583.691850	
-10715.295530	
-10015.168240	
-16395.551560	
9125.430697	
-24475.333880	
29246.949740	
28900.824550	
29820.757740	
30396.253160	
-13909.305080	
-13058.534690	
-14197.680480	
-13237.571150	
-11668.414990	
-14278.806220	
-15385.585350	
-13921.825940	
-12493.296480	
-15005.598430	
-13374.924740	
-12676.287120	
-13342.692890	
-12129.290190	
-10601.268280	
-11567.900020	
-15450.254240	
-10044.937470	
-14650.742900	
-16370.187610	
-11351.525070	
-10615.298830	
-8966.468147	
-9714.581219	
-9752.459354	
-8535.902571	
-9914.853412	
-8905.077458	
-14206.313410	
-8715.301632	
-7068.053270	
-9123.940619	
-9698.962765	
-8078.295401	
-10427.962230	
-9422.541055	
-10782.295780	
-11334.626560	
-8092.704316	
-7269.695535	
-12076.257740	
-12458.022510	
-12205.161610	
-7639.289785	
2991.628805	
2312.021117	
3077.306985	
3760.041692	
4307.002818	
2204.914494	
2599.827166	
2271.830075	
3037.304101	
39847.246450	
31852.917010	
32043.533800	
31536.132970	
30733.537730	
31736.330550	
30036.226190	
30025.584290	
31178.486190	
32424.636670	
33049.725850	
33720.881280	
31880.379820	
32458.859420	
32593.660210	
32081.066980	
33320.550230	
31485.225520	
32453.421470	
31038.924150	
33969.470020	
33227.321110	
28903.360520	
29852.424270	
28482.337250	
27026.515630	
27918.720730	
28288.677420	
27113.825820	
27324.248970	
25553.211320	
26174.124830	
27486.023310	
25771.996760	
24980.062510	
27714.942010	
26591.283190	
26440.932110	
25995.991990	
24927.165010	
26369.610170	
24918.279570	
24204.893710	
24862.665420	
24066.826420	
22818.407770	
29099.499620	
24272.226310	
24863.274630	
25539.968230	
23420.140060	
25952.572760	
-3160.742781	
-4863.702853	
-10505.687000	
-11180.449610	
-13917.762150	
-6867.424040	
23183.012090	
22211.784260	
28388.624740	
28356.744170	
12809.703550	
14564.203820	
24439.486960	
-6708.486904	
-9161.151481	
-10148.259990	
-9159.355963	
7502.658572	
27031.862860	
26927.206230	
25759.713330	
27976.034810	
10298.407430	
10801.310820	
11718.983800	
12557.378480	
12788.874200	
24723.517060	
-5369.093393	
-4867.639742	
-4080.986194	
-3566.731632	
-3120.778646	
-3366.143894	
-2425.530231	
-11280.974530	
-11820.876330	
-1582.571691	
818.001172	
1101.530618	
953.119504	
-632.713763	
-11887.830290	
-12655.296460	
-12745.277160	
-13240.476150	
-12781.039260	
-12012.636340	
-11506.036330	
-11979.975480	
-10427.360090	
-9348.376077	
-10148.131340	
-9283.012386	
-8285.713022	
-8812.042497	
-7981.278513	
-6779.708282	
-6686.080162	
-7563.747322	
-6296.052627	
-3617.659768	
-3123.741331	
-2528.674308	
-3311.467134	
-3139.002688	
-4108.939271	
-2945.496564	
-6898.436075	
-2214.007941	
-3765.574919	
-5645.291612	
-1556.211857	
-757.409848	
-1259.285994	
-752.992802	
-5129.994227	
-4888.259902	
4.318084	
-873.877432	
-1648.010268	
-4906.923255	
-5219.042540	
-5207.865292	
-6366.111082	
-2294.565790	
-860.656385	
133.249698	
-1013.157286	
-2202.158999	
-18.997461	
-18270.455650	
-15263.369980	
-19847.430330	
-19389.437940	
-20430.930210	
-19688.760620	
-19190.583750	
-20861.534110	
4591.398500	
3236.421827	
3361.020565	
3897.293397	
3591.398500	
17224.806090	
38348.893250	
39295.888450	
38290.793360	
36990.894320	
37796.142990	
37851.975020	
37150.216560	
39295.729730	
35950.364540	
39019.971360	
36061.696690	
38304.073910	
39545.626000	
37069.641510	
38683.748920	
38852.026160	
34225.033980	
35534.522640	
38836.748450	
35202.107910	
34556.512080	
34830.517210	
36078.619910	
36736.550810	
39387.404580	
38335.338180	
37680.297100	
37462.955430	
36095.694950	
37020.493190	
36428.749690	
36631.693410	
35489.119570	
36225.425460	
35480.662390	
36630.234260	
37355.073110	
36613.491620	
36382.182400	
34984.865510	
33841.673110	
34489.660720	
34982.100130	
32850.015730	
35732.697690	
35649.471130	
35769.014740	
34837.803340	
34799.372120	
33539.215520	
33767.880320	
33260.665660	
33382.598810	
32482.581950	
32057.727300	
31454.942290	
30987.058620	
31712.622780	
30976.813940	
31791.767970	
32646.835080	
33323.484910	
31437.529520	
30597.378770	
30553.698140	
29749.174920	
32138.358000	
-34035.887100	
-31986.698320	
34220.509540	
35401.397030	
35131.194260	
36564.275300	
35380.844200	
-5647.248234	
20324.544450	
29879.469980	
31279.291570	
-22800.774610	
-19552.867350	
-21019.373550	
-20884.075220	
-20192.268390	
-19652.576100	
-23608.601500	
-22271.991700	
8245.870912	
7590.250040	
10238.931840	
-13840.486650	
-14015.785160	
-14681.762790	
-15883.179550	
-4788.120097	
-4451.868503	
-4328.680190	
-3756.310431	
-3101.434428	
-3514.419271	
-2251.507340	
-1512.407651	
-1276.471361	
-2053.056489	
-2697.931215	
-23314.778990	
-22388.837380	
-23561.627730	
-23083.501620	
-24771.015850	
-23023.626520	
-21756.473020	
-24139.778060	
-23959.133580	
-22987.992530	
-23945.363250	
-25131.976220	
-30156.648000	
11122.762170	
12258.810050	
7075.094948	
30592.753840	
32291.353670	
32935.926330	
34726.903370	
33737.186770	
34022.004650	
34261.294610	
30120.043770	
32119.173240	
21588.595050	
20376.003830	
20784.295310	
21550.386150	
19258.687640	
21396.485150	
20045.562140	
20516.121480	
20911.813540	
19163.084280	
21426.516460	
20630.591150	
20503.724800	
18968.766670	
19833.703250	
19516.937120	
19135.971940	
18077.676200	
17909.921420	
21160.528260	
20394.546080	
19657.627690	
17926.684930	
19085.442370	
18766.867360	
17783.982090	
-16945.378630	
-17658.601500	
-16124.204530	
-16293.933630	
-14980.659070	
-14869.292000	
-15422.911670	
15861.723670	
17027.513040	
17843.638440	
17369.861650	
16981.654380	
15180.864900	
15657.751080	
15016.385440	
14330.895620	
14147.647600	
13269.383360	
13522.036220	
3648.685250	
3743.200876	
3205.208362	
1155.046599	
-5030.070544	
1380.199344	
950.344759	
2156.670458	
2978.456486	
1557.736010	
3416.443484	
3764.300093	
1496.261887	
4688.150609	
5300.166562	
4925.051708	
4855.876674	
4075.990991	
6148.919925	
2697.057661	
3949.841870	
868.915739	
-200.665233	
1750.066733	
1784.693783	
1052.882797	
2162.453926	
-23.494145	
3007.729962	
3936.119263	
4121.545420	
5558.711573	
4672.304146	
4746.077506	
5125.530341	
6304.496085	
5092.904312	
5811.339870	
-1263.144073	
7684.461290	
6824.904687	
6835.347783	
7320.714408	
7169.371280	
8189.656750	
8553.787851	
7741.307208	
7421.970114	
8765.440621	
-2028.511946	
-3825.986586	
-2496.418324	
-2947.574878	
-3678.881895	
-3091.589414	
-4651.825715	
-4321.096895	
-3400.358056	
-3795.903894	
-2736.508184	
-5771.755021	
-2464.074588	
-6598.541360	
-2907.380414	
-4075.509617	
-1619.614898	
-5366.820347	
-1282.626682	
19844.175360	
18761.327540	
17740.447150	
18378.464100	
17750.385720	
10280.020660	
11356.922020	
7624.907600	
10551.184920	
8238.536750	
10742.809200	
9619.417692	
11093.013650	
-29467.374850	
-28249.485090	
-28654.720770	
-20177.937970	
-21755.916040	
1454.156407	
-20478.858670	
-20382.612640	
-20822.173370	
-22444.814020	
-20951.991700	
-21171.126690	
-21169.042840	
-21911.421450	
-23008.177270	
-16750.599950	
-17448.589450	
-17843.568370	
-16222.473940	
-12823.844460	
-13592.300780	
-14368.425090	
-13022.579120	
-11999.351660	
-11810.755700	
2529.135916	
-5733.125730	
-5869.613242	
-6376.695256	
-6185.802700	
-6925.970064	
-7418.474835	
-4545.994004	
-3862.655966	
-1800.410522	
-1850.006029	
-2411.415003	
-1038.878131	
-2942.662347	
-2222.143379	
-4088.376429	
5952.028926	
16015.294920	
17226.847170	
17532.022520	
19059.178850	
18004.845130	
18330.317420	
18279.512230	
18777.096860	
17866.321040	
18764.083520	
15613.669500	
20277.567000	
19490.387630	
-16450.871620	
-15791.806800	
-17054.616390	
-15677.694260	
-17122.187070	
-14910.805280	
-14630.034880	
-15433.459540	
-23560.134650	
-24654.926210	
29528.496800	
-7773.138349	
-6938.728886	
-5979.932864	
-8455.652921	
-9129.533335	
1473.922734	
37241.013280	
30818.826310	
30338.600390	
23305.836150	
22985.735420	
21519.567870	
21837.428060	
22443.082710	
22594.150080	
21611.290000	
22257.947800	
23093.043240	
23453.650620	
21123.224970	
24315.641080	
22855.539180	
20426.854050	
20961.616420	
23076.586990	
24082.016530	
-3058.831212	
-1900.399442	
-2264.558740	
-2744.333775	
-1410.588956	
-3099.180357	
-971.183933	
-1201.544163	
-3667.334263	
-2194.752581	
-1171.299436	
-3524.659407	
-693.655435	
-3218.497969	
-102.766587	
-2821.353924	
291.148667	
-2141.547023	
-1452.148314	
-13222.014830	
-7478.899494	
22384.855240	
21621.354980	
15851.663880	
14412.181820	
14358.351280	
22582.755590	
25200.283090	
24167.746160	
23166.134550	
22144.449820	
23606.069000	
20873.244920	
22916.502960	
21690.871250	
21071.535980	
21787.677530	
23569.841810	
22724.982180	
24299.196020	
24256.829390	
25655.800450	
25071.111880	
20215.526810	
18369.724720	
20267.122350	
19829.660370	
17041.399300	
20593.158940	
26820.882980	
26051.173260	
26886.362800	
12044.160170	
12716.687670	
13781.875920	
14104.274000	
13651.791150	
12795.321690	
15183.171220	
14698.293150	
16199.974560	
15309.202350	
16218.413100	
14964.976840	
13916.127800	
13381.418050	
26073.998200	
25504.673990	
23742.936360	
-10552.995340	
-10024.410160	
-11842.009660	
-12330.209250	
-12634.852460	
-7406.242541	
-6775.456191	
-5566.939894	
-5872.122771	
-4957.209056	
-4878.829400	
139.784628	
-5928.174603	
-8151.580537	
-6106.965429	
-7668.057295	
-6903.421989	
-6392.099039	
-379.793243	
756.686892	
-2337.686988	
-18653.293190	
-20451.091330	
-19604.248330	
-19296.747520	
-20427.153010	
-21722.093340	
-20796.375870	
-21665.605240	
16482.646500	
17091.059980	
16616.392620	
17953.954960	
16041.398500	
18004.023720	
33485.314750	
37231.825170	
37884.133330	
37983.288800	
37860.664530	
38480.324420	
38624.819930	
38420.194690	
37983.627540	
39571.488090	
38921.861350	
38677.081160	
37055.540160	
37573.065190	
35976.940480	
38253.641050	
35746.132250	
34704.715480	
38117.664850	
36661.988120	
36853.119530	
35875.453470	
35437.372720	
36373.814870	
38286.092330	
37178.350130	
36924.769100	
37933.364050	
35632.658210	
37834.400130	
36741.721100	
35619.451910	
35702.547200	
34887.910080	
33384.457900	
34222.322660	
30444.942640	
29137.905260	
30050.776150	
29292.604090	
30570.999650	
32952.010770	
-34356.313440	
-35411.302060	
-33097.032750	
-36308.601500	
-35522.396770	
-35008.601500	
-34808.367100	
-34928.568650	
-34244.456770	
-33246.466600	
-32376.111560	
-32267.510740	
-33158.844790	
-31205.350330	
-30035.132140	
-32920.474940	
-31838.284850	
-32598.595830	
-32140.177430	
-30990.581110	
-29867.545070	
-28838.682650	
-29274.808540	
-28835.916560	
-27113.639500	
-28028.586380	
-28008.796260	
-27305.600740	
35997.245040	
29503.150480	
-22727.980650	
-22219.322840	
-23358.601500	
-23858.601500	
-23284.728580	
-22893.592210	
-23208.601500	
-22385.721040	
-22862.014430	
-21519.535370	
-15703.565220	
-21598.876560	
7306.820285	
33154.588890	
33623.103060	
33439.162150	
35331.611250	
35779.359810	
36766.968740	
36057.573000	
34517.516940	
19490.320600	
18539.881210	
17722.569640	
17646.830580	
16826.615640	
16628.697520	
16073.914990	
15542.653840	
16924.743580	
16672.535680	
17124.558350	
16148.050040	
17649.043990	
15651.807450	
16983.076840	
14801.025080	
18223.227570	
18933.612420	
17996.669860	
17188.459190	
16893.461120	
17169.704160	
19626.218790	
-16919.931020	
-16608.601500	
-16015.578900	
-15380.669730	
12700.804130	
11936.231020	
11821.196140	
11482.543030	
11462.067740	
12333.255900	
11879.535260	
10994.732100	
12361.183570	
10336.716690	
10820.175540	
11930.041230	
-4203.290819	
-5469.191438	
-4695.799863	
-5812.608120	
6141.622987	
6443.755632	
7241.541419	
8906.005000	
8130.419751	
7949.672570	
8677.903528	
8816.721680	
10190.550900	
3549.770427	
6655.996357	
-1697.195796	
-2061.247773	
-2133.984772	
-2027.510242	
-1314.644392	
-819.152521	
-706.810556	
-656.485892	
-344.112880	
-202.912216	
382.043799	
199.586474	
-283.547775	
-6097.125843	
-5538.569186	
-4523.846228	
-4750.913442	
18746.212350	
19413.706460	
18612.294440	
16792.351450	
17290.447150	
17711.654330	
17976.304900	
7607.063394	
9212.203334	
9434.046388	
10392.604750	
9997.312579	
8513.996976	
10398.216150	
-29019.876120	
-29775.785540	
-28443.267390	
-27335.426630	
-26958.496210	
-27728.805340	
-27772.296630	
-26686.955490	
-25201.812620	
-27643.069620	
-25800.274900	
-24647.632260	
-26309.815420	
-28329.287010	
-28364.170600	
-25437.123690	
-29325.817050	
-21650.139990	
-22074.503180	
-4970.897557	
-3685.826855	
-1605.193549	
17519.240020	
17247.400810	
18825.934970	
19554.641590	
20904.710190	
19718.828070	
16122.846940	
17045.739960	
16361.409370	
17407.539520	
16430.510170	
17308.390610	
18653.082630	
18206.316020	
15968.007550	
17792.071290	
19684.920710	
18807.250730	
19890.363970	
18290.209900	
18295.394880	
19063.191030	
17044.850940	
20005.502990	
19089.043550	
16668.007550	
17887.903410	
19240.266580	
16819.106730	
-23975.000550	
-23611.511130	
-23960.810090	
-23574.841390	
-6719.273173	
30132.833960	
24997.099670	
23855.600520	
23378.070300	
23686.742160	
22592.571510	
21620.839570	
21789.292940	
22687.939010	
21119.447760	
20452.346070	
21707.647020	
20785.934400	
21801.039080	
23375.603340	
22536.880530	
19834.715140	
19519.632050	
19656.106610	
20950.109310	
21617.221860	
25967.071670	
13501.110560	
-4796.892669	
-5752.070994	
-5987.072558	
-6729.351556	
-7311.688030	
-8529.526241	
-10340.089830	
-8835.947100	
-9414.533190	
-10619.049900	
-11108.532570	
-9987.157111	
-18448.978790	
-19929.927200	
-20693.627730	
-22172.340090	
-21292.660720	
-22153.868220	
-22736.960010	
-23110.089840	
-23465.827060	
-22675.945620	
-22560.182950	
-21264.402320	
34351.433450	
33701.985040	
32168.224880	
32824.724990	
31699.776170	
32995.697650	
32183.215460	
33567.030490	
35308.775380	
34312.333770	
33376.470300	
34616.554970	
32242.693500	
33756.439990	
35140.636710	
32759.644260	
31376.841360	
37204.111040	
34171.938180	
28603.571860	
31323.399570	
-31001.414240	
-25952.563870	
-28099.192520	
-27279.215080	
-25393.747050	
-26165.374910	
37207.204400	
38032.327980	
37464.949750	
37516.809230	
16303.773840	
14894.742000	
15065.246700	
15540.488650	
16235.612240	
14839.272080	
14837.794050	
14403.511050	
18775.966060	
9622.353250	
9704.610751	
9447.241277	
19080.601430	
8590.489935	
8923.323462	
9362.500813	
-23114.231280	
-24410.769370	
-24024.080130	
-25096.092000	
-4950.436736	
-3940.137255	
-4156.426901	
-4292.390277	
20327.662110	
21121.509510	
21385.861960	
21624.438440	
22139.198160	
18977.794730	
19015.634010	
19532.371400	
20596.978910	
20282.656280	
20994.270240	
16232.263820	
17374.356210	
18687.629700	
18207.730350	
-24343.226050	
-7409.419743	
-7969.701917	
-8469.090832	
-6332.443574	
-5782.710707	
-4986.536324	
-4201.848922	
-7386.087194	
29901.295380	
30836.249770	
31231.216580	
32219.703620	
28561.998050	
20115.997330	
22041.668050	
21175.457670	
22879.937920	
20063.978590	
20811.282340	
19951.365810	
21171.687430	
18951.096260	
26133.854800	
25048.708370	
27786.446320	
23907.088670	
27086.233810	
26892.852810	
28464.533850	
26478.055120	
27650.354720	
22683.259370	
24722.898760	
23090.554870	
22180.768720	
23703.081980	
23128.327210	
24166.899240	
23922.630290	
25223.159140	
25199.701190	
-8583.739194	
-8912.096500	
-7890.885464	
-7976.123891	
-23920.223060	
30319.891360	
30376.612280	
-25110.555880	
-25438.042130	
-25659.027230	
-26184.348280	
-26823.061460	
-25148.845600	
-26068.904420	
19751.120050	
18946.110780	
21929.632170	
21920.771700	
21028.777750	
22004.148060	
20317.627610	
19867.664340	
19120.607530	
20760.285260	
21174.514040	
21686.852490	
16014.391960	
16557.627720	
16718.051420	
16307.953160	
17286.034630	
17220.503040	
16748.500120	
17444.817580	
17730.579120	
18431.455590	
23456.616180	
17103.751280	
28935.171760	
29385.626380	
29149.288890	
29820.374490	
29887.531300	
30792.522770	
31067.385930	
31243.382410	
27454.175420	
26384.484530	
27755.253630	
28351.716050	
26960.686040	
26704.028770	
26126.413680	
29097.124730	
29347.044580	
29611.813130	
28863.886300	
28685.280770	
25149.055380	
25770.448170	
31197.108500	
31384.001650	
30523.370800	
-26895.511140	
-27658.076120	
18193.474820	
18023.484870	
17387.358390	
28391.706890	
27765.684490	
27731.006200	
29492.663730	
-25990.155740	
-25583.601500	
-26164.681620	
25339.023180	
18477.050780	
-8022.884902	
-11929.866870	
-11253.994650	
-12443.358910	
2915.567166	
1207.130059	
-20863.855470	
-11454.498060	
-11326.526590	
-16875.960190	
-17694.584150	
-8127.729864	
-28745.208930	
-25117.185290	
18569.352830	
-27225.605950	
4385.178270	
29201.946160	
-25915.724990	
-1513.436892	
23542.172160	
38046.504900	
40398.763180	
37717.668170	
38683.829490	
40123.004810	
39245.969910	
39209.598580	
38561.492250	
40674.521540	
39705.166960	
40105.843020	
28981.740200	
28308.883930	
19185.869860	
18282.167300	
-21581.565640	
