-22799.294050	
-23178.611120	
-23482.725350	
-23535.353580	
-23458.538330	
-23052.817920	
-22924.653940	
-22811.066120	
-22908.151140	
-23062.372410	
-23125.023110	
-23601.858070	
-23879.553140	
-24257.381890	
-25029.400740	
-25741.434920	
-26502.369500	
-27138.126520	
-27971.163280	
-28546.613620	
-28935.250440	
-29261.893240	
-29771.082560	
-29841.675990	
-29785.647490	
-29973.236890	
-30051.912850	
-30143.109780	
-30758.185280	
-31133.628780	
-31365.172940	
-31633.826310	
-31561.165870	
-31800.177430	
-31525.716230	
-31614.808220	
-31362.958660	
-31297.718980	
-31192.285160	
-31196.685140	
-30341.498320	
-29478.757690	
-28897.468270	
-28486.137960	
-28507.909820	
-28088.143220	
-27636.873490	
-27317.266670	
-26505.490720	
-25750.167240	
-25189.758040	
-24783.423230	
-24180.878800	
-24019.509530	
-22854.167250	
-21206.993340	
-21272.063610	
-20492.652260	
-20049.889720	
-19749.342820	
-19729.908460	
-20201.192760	
-20769.514160	
-21452.259280	
-22369.376240	
-22377.010210	
-22409.842340	
-22507.463590	
-9133.781897	
-9477.091734	
-9553.796724	
-9336.543045	
-9285.795132	
-9466.375050	
-9825.722091	
-10247.393460	
-10827.051580	
-11070.897840	
-11267.547770	
-11640.442360	
-11882.415930	
-12231.001000	
-12348.143260	
-12532.417630	
-12644.730600	
-12807.445600	
-13007.548500	
-13106.700210	
-13171.182420	
-13194.685980	
-13207.732530	
-13148.707640	
-13007.734280	
-12826.520600	
-12684.974470	
-12508.844490	
-12310.160770	
-12021.830230	
-11778.155350	
-11370.448560	
-11188.909270	
-10825.622420	
-10509.690640	
-10365.237890	
-10056.426360	
-9914.470513	
-9563.343194	
-9291.740100	
-9129.590129	
-8992.650942	
-8680.995835	
-8483.795816	
-8241.993814	
-7927.368652	
-7854.215080	
-8007.496907	
-8255.844597	
-8690.923417	
6154.096284	
5844.205944	
5678.236886	
5686.736376	
5777.433833	
5972.253222	
6066.440683	
6023.275944	
5847.199094	
5469.358881	
4952.077449	
4630.379233	
4141.694529	
3796.664214	
3290.041168	
2889.340752	
2455.669850	
1891.073534	
1402.825595	
698.969488	
-11.232603	
-540.269506	
-921.909490	
-1045.491943	
-1089.264902	
-1055.864780	
-942.337999	
-781.035645	
-411.405619	
23.220508	
428.197695	
821.427359	
1321.113646	
1828.449648	
2338.501175	
2749.224351	
3438.580935	
3968.949438	
4843.639208	
5337.750207	
5724.986511	
6047.333919	
6412.962582	
6506.802620	
6458.372439	
6352.651405	
24631.982300	
23022.842300	
21924.609200	
21718.984800	
23312.432700	
21183.087000	
19987.098500	
19406.205600	
20350.453000	
21307.907000	
22562.536500	
22172.703400	
22088.973800	
20883.334200	
17657.052500	
20208.123600	
19697.570600	
20339.659000	
19449.287300	
18326.422000	
17622.703400	
16145.703000	
13678.202700	
12899.381900	
13418.266100	
14498.493000	
14022.703400	
13120.294000	
11804.902500	
9737.388500	
6222.914000	
2724.879300	
2423.704400	
2723.704400	
6135.172900	
5564.103500	
3735.734400	
3125.947400	
2526.560800	
1223.704400	
2301.509700	
2429.594800	
-777.296600	
-2874.412700	
-4665.938000	
-4349.012900	
-4920.396600	
-5970.454600	
-7529.771600	
-7866.893200	
-6778.297600	
-7178.392200	
-6576.256000	
-6710.209800	
-5186.296200	
-5519.749600	
-4383.732800	
-4927.296600	
-5309.123400	
-4481.016700	
-6063.069300	
-5862.333800	
-7006.794900	
-7624.888800	
-8827.296600	
-8759.788700	
-7982.826400	
-8662.794600	
-8871.766800	
-7829.731900	
-9327.296600	
-10540.455800	
-10218.135200	
-5253.770600	
-2739.387700	
3002.574000	
7402.574000	
10291.557200	
12977.822700	
13411.265400	
16512.351800	
16272.703100	
18872.703100	
19572.703100	
19030.694400	
18036.698800	
18539.991600	
17846.655100	
15228.234700	
15884.896700	
15228.234700	
16000.401200	
16072.486700	
14872.703400	
14701.696600	
13526.422000	
14442.124800	
15244.355600	
16476.516600	
15452.885300	
16424.609200	
16516.828800	
18324.474900	
19790.438700	
20528.448300	
20920.797600	
19230.808900	
19844.152700	
19124.609200	
19648.321400	
19450.176800	
21646.253800	
21857.865800	
23580.378600	
25420.796800	
23424.757200	
22860.787800	
21755.642500	
21344.265600	
22031.681700	
20694.608900	
19118.234100	
18464.813100	
15956.638900	
15260.681000	
11822.703400	
8882.441600	
6170.515300	
4498.612800	
3410.493300	
-5376.252900	
-6569.624500	
-5127.296600	
-3980.110300	
-5527.296600	
-6345.970300	
-7170.183000	
-8057.274000	
-9336.372500	
-10249.641600	
-10143.544200	
-12302.797100	
-13924.476800	
-14769.594000	
-16063.301200	
-17627.296600	
-18083.571300	
-17339.711200	
-16388.960400	
-17311.958500	
-15927.296600	
-15127.296600	
-14679.011700	
-14226.906000	
-12527.296600	
-10881.016700	
-12850.468600	
-15664.344900	
-17421.315600	
-18264.601300	
-19381.923100	
-19431.831500	
-21331.123500	
-21808.955800	
-22286.451900	
-23427.296600	
-24092.482100	
-24699.141100	
-25945.106700	
-27227.296900	
-27927.296900	
-26527.296900	
-26727.296900	
-25527.296900	
-27427.296900	
-28227.296900	
-28827.296900	
-30027.296900	
-29827.296900	
-32027.296900	
-33227.296900	
-32427.296900	
-32827.296900	
-32127.296900	
-33127.296900	
-30727.296900	
-31227.296900	
-32627.296900	
-33627.296900	
-34627.296900	
-35427.296900	
-34527.296900	
-34827.296900	
-33627.296900	
-33427.296900	
-32027.296900	
-31427.296900	
-31027.296900	
-29927.296900	
-28427.296900	
-27527.296900	
-26027.296900	
-25427.296900	
-23327.296900	
-23127.296900	
-22227.296900	
-20827.296900	
-17227.296900	
-16127.296900	
-15827.296900	
-14727.296900	
-12027.296900	
-9527.296900	
-5927.296900	
-5427.296900	
-4827.296900	
-4827.296900	
-2827.296900	
-2727.296900	
-1827.296900	
-1627.296900	
-627.296900	
72.703100	
872.703100	
1772.703100	
2972.703100	
4472.703100	
6172.703100	
7572.703100	
9352.244200	
10072.703100	
12472.703100	
12472.703100	
13672.703100	
14372.703100	
16372.703100	
16672.703100	
16572.703100	
17572.703100	
19072.703100	
20172.703100	
20572.703100	
21305.096400	
21927.006400	
23526.919400	
25847.302900	
24682.552900	
22941.126900	
22365.493600	
21596.372800	
20564.890900	
20225.515600	
20819.891200	
20231.405500	
21519.891200	
20710.449100	
19728.813000	
20034.495400	
18936.956600	
19349.659600	
18820.910500	
17812.083300	
16856.341400	
15472.703400	
15521.472000	
17084.397700	
17762.335100	
18648.596000	
19628.234700	
19309.867700	
20947.354000	
21924.973900	
24102.421400	
27111.963500	
26707.353100	
-1777.296875	
-2327.296875	
-2877.296875	
-3177.296875	
-3477.296875	
-3777.296875	
-3977.296875	
-4225.946056	
-4477.296875	
-12277.296880	
-11977.296880	
-11677.296880	
-11677.296880	
-11677.296880	
-11377.296880	
-10977.296880	
-10439.796810	
-9902.296737	
-9364.796669	
-12677.296880	
14222.703130	
14622.703130	
14622.703130	
14622.703130	
14822.703130	
24580.126730	
-28527.296900	
-32827.296900	
21616.051400	
-28677.296900	
-12368.977430	
-9049.629810	
-9961.987766	
-10398.077130	
-12775.785410	
-11140.554480	
-11420.081240	
-3877.296875	
-3877.296875	
14722.703130	
-12067.689660	
-9255.060676	
-13019.753640	
-1177.612626	
-21910.817760	
-12068.568720	
-11313.963540	
14270.203130	
-9285.645466	
-8663.263184	
-10186.260400	
-9715.770002	
-10791.284160	
-10889.936500	
-11773.056390	
-11931.863690	
-10129.076260	
-13616.367070	
6569.463935	
-3027.296875	
-3027.296875	
-11527.296880	
-13029.642560	
-12132.436010	
-8834.683543	
-13120.481690	
-12757.586030	
-8144.205520	
-10434.524300	
-11456.831550	
-11936.104920	
-12401.109490	
-9732.892891	
-12009.837640	
-13502.339850	
-10829.570270	
-13515.813850	
-29333.086970	
6236.783205	
14901.130250	
-11742.661480	
-4441.586229	
15286.992480	
14325.695340	
-11087.044410	
-13522.081340	
-3394.606128	
-13596.056280	
-8924.247274	
-7711.589477	
-11609.073240	
-12370.108620	
15037.731270	
-11215.851970	
-8435.497179	
-11298.352560	
-11534.993060	
-11320.742170	
-11402.021320	
-11869.395050	
-10954.891330	
-11598.045550	
-30266.029400	
-30429.269410	
-31724.954810	
3081.128876	
-7212.399234	
2594.116146	
-20767.585630	
-20553.701930	
-12477.296880	
-3602.967432	
-3848.201960	
-1435.558788	
-838.348717	
-22042.802530	
-21969.833480	
-10868.276730	
-11299.994290	
13649.923920	
-8835.028837	
-10535.713550	
-13209.367030	
-13375.377420	
-12372.502860	
-28777.024280	
14440.558450	
-14169.281930	
14262.345810	
-9285.916593	
-12173.067450	
4239.471901	
13905.507860	
-9900.946099	
-13574.866950	
-12736.972470	
-12477.296880	
-11489.087480	
-10226.718330	
-10793.983480	
-10322.044230	
-32163.743310	
-23543.923140	
14695.976400	
-7292.333875	
452.248832	
20548.215300	
7064.321579	
-2180.862844	
-7657.535882	
-9940.089534	
-11988.024950	
-13247.880330	
6095.590226	
6817.618754	
6219.045418	
-13561.125880	
-7317.961005	
-12373.101320	
-31927.296900	
2533.233690	
-19777.992080	
-13318.949450	
-4159.441552	
-1601.544497	
-1989.691052	
-740.364989	
-11718.676370	
-9136.219382	
-8076.594331	
-8178.893635	
5340.668730	
13952.634920	
-22236.133390	
-10730.924990	
-7579.613537	
1440.921816	
21145.321640	
-2707.108919	
-10150.310960	
-14065.712680	
-13101.730920	
6634.326784	
-14344.089180	
-1439.360182	
-169.521402	
13195.579440	
-9728.546424	
-6756.364365	
1935.258308	
-13588.644060	
367.304554	
-14066.645610	
-13368.532350	
-32627.296900	
6860.490367	
-29427.296900	
-25451.602610	
18990.123280	
-11155.620190	
-29947.118530	
-5103.191402	
2014.388950	
3881.259422	
-4655.514700	
-21612.579970	
-10106.535790	
-10822.083050	
-29199.275760	
15004.847800	
3710.593546	
4628.369409	
-14292.004480	
7021.661146	
-12811.624210	
-11330.064010	
2505.298018	
1749.809446	
-3710.966737	
-1656.704658	
-2180.895931	
-5356.582275	
-7528.793766	
-8760.549426	
13784.893700	
6691.392184	
1762.607050	
871.911221	
-32116.578220	
-5088.271690	
1416.165518	
2076.847591	
-4372.168056	
-21164.053840	
-10230.471100	
15949.070470	
4064.511186	
7122.088813	
14898.616790	
-32527.296900	
-32727.296900	
-10892.226170	
268.177821	
5052.770819	
8006.196964	
-32306.438590	
-10756.592760	
-51.563444	
-33027.296900	
-10287.238210	
-973.459896	
-9318.180714	
-10022.196220	
-608.339439	
-25175.145010	
-27085.836540	
-22460.333980	
-1573.096042	
13862.345790	
-23257.797690	
-9751.783863	
-7039.265463	
-24105.895240	
-23980.581490	
-20898.350170	
-15447.140460	
18932.588050	
-30945.907030	
-31463.118510	
-20746.044440	
-14240.423480	
13703.941220	
-23018.891470	
7469.119644	
-30706.892070	
-13605.875580	
-22617.583340	
-22273.681690	
-14214.775580	
-13832.975910	
-12798.897880	
6358.443766	
-26274.763680	
-10882.260620	
-31246.224960	
-5943.313428	
-30116.273860	
-18661.362520	
-2819.403389	
-2315.019456	
-6728.690448	
-7828.160378	
1599.574922	
-21353.728790	
6835.555290	
890.761632	
19393.723570	
-9596.653129	
-2224.265313	
-6699.246552	
-24876.010070	
12652.628270	
13478.282130	
7807.512589	
-30674.886600	
-31462.413310	
-21820.937500	
-15377.452390	
-13377.871480	
-7075.007077	
-6604.861132	
1080.641427	
-20228.803420	
-9144.479621	
-3104.960707	
-5965.768476	
-30450.647530	
-21132.663070	
-14849.315010	
-13952.568110	
-14936.928340	
-14495.081780	
-12889.893840	
657.363945	
-8485.913606	
-5702.506123	
-15549.216370	
-12692.927380	
-14426.667140	
-12084.070050	
21460.573900	
18574.689650	
-5132.397932	
-15563.568830	
-5653.248083	
15183.597730	
12034.690220	
19057.456800	
19484.380950	
22624.339220	
14833.574410	
2796.086683	
-1279.376978	
-14694.438400	
-13028.038980	
22233.777340	
19999.196050	
-14185.610620	
-15319.782500	
-29175.270020	
-30977.256880	
-21525.358350	
1039.261032	
-3251.747840	
1517.423606	
990.800440	
796.156437	
-3440.455441	
16537.444900	
-32308.384220	
-24620.088450	
-26245.570850	
-22932.702440	
-24572.838060	
-15123.671320	
-20041.147620	
-28377.296900	
7055.537871	
6162.949148	
14558.378390	
18919.880520	
-25880.962490	
-24619.533280	
7450.647164	
-31352.584430	
-6092.300791	
-21247.819270	
-14858.036680	
-44.920079	
307.281697	
-998.912608	
-12380.563340	
21357.174840	
19143.308100	
-5707.439476	
-5665.952227	
-15166.581410	
12699.223100	
11955.033560	
13092.246670	
-13317.697870	
-13790.458600	
21097.234550	
-3069.630486	
-2480.872300	
-81.186638	
-443.774649	
15882.839800	
16278.929500	
-24022.906920	
-26462.616680	
-15752.556350	
-13801.035560	
-19692.400850	
-27340.487920	
5714.481009	
8791.650953	
-32627.296900	
-15956.352150	
838.921313	
17902.017810	
-5870.193266	
-14963.762610	
17258.043750	
-18648.102810	
7268.063842	
7959.868874	
16861.799560	
-21527.296900	
17965.918910	
21191.766510	
17857.563890	
17020.567050	
18615.034830	
-32627.296900	
-28298.026520	
-28752.296900	
-8168.901318	
-17205.930690	
-16624.731700	
-11223.170650	
19758.413840	
20683.761450	
13623.704370	
21466.835720	
-27960.598050	
17512.497180	
4820.422004	
-9769.390390	
3152.695677	
-11671.875720	
-10318.771490	
-10295.710460	
-30095.790240	
-18761.401490	
7789.660154	
-21579.855780	
-3627.159468	
-8969.285229	
-4273.994878	
-5630.529050	
-4275.039359	
-1247.548398	
24002.441970	
20456.125900	
772.731025	
252.953178	
8587.121043	
-16329.143370	
-2016.227944	
-9993.981642	
-22179.850410	
-21714.010990	
-32117.668300	
16503.362180	
20219.703890	
17811.905770	
-6767.305660	
4938.135709	
-10652.215510	
-12614.632160	
-13047.321930	
-11723.983820	
-19595.867330	
9116.238890	
-7921.936816	
-4163.320644	
-5130.377276	
23713.599580	
23074.217680	
19882.629850	
8032.709363	
-10123.318860	
4615.939351	
-10365.276170	
-8961.976858	
-9733.872280	
9162.341575	
-5219.254508	
-4348.695202	
23571.085270	
-11215.053120	
-8644.571370	
3999.677867	
6101.936146	
-8529.337394	
2904.566270	
-10009.821960	
4311.995773	
-33977.296900	
-3742.799083	
23525.560470	
19881.654200	
-4227.307005	
-24938.924810	
-13585.992040	
-6718.397134	
-7463.498705	
13112.622510	
12554.912230	
14694.452810	
26909.658300	
21221.114170	
20829.180000	
18887.854650	
22828.214640	
15944.686630	
15300.857920	
17460.701700	
22817.532950	
22908.454230	
1802.554805	
6832.228060	
5256.736853	
15372.703100	
-20381.477500	
-19488.403130	
16884.203200	
17862.158370	
-22030.580300	
-32536.599670	
-6243.498848	
-18934.565990	
20351.252910	
11324.760380	
-8114.802345	
-7023.310747	
-19904.126310	
-6908.781531	
-6889.872234	
88.882455	
-22037.544850	
-3144.831654	
-2010.503888	
-2224.111266	
11163.123710	
11036.114510	
9788.515976	
11638.211190	
14028.800360	
14464.524620	
-26906.885140	
-17173.000380	
16931.956390	
-22077.296900	
-23227.296900	
19522.218290	
-32927.296900	
-18348.951970	
-28233.179440	
-9038.027741	
-9642.128118	
-31227.296900	
-21910.504300	
-2049.223060	
-1276.012015	
252.848262	
-319.262220	
239.417423	
-277.296900	
-1127.296900	
-680.985099	
-1727.296900	
-1677.296900	
-15804.156130	
-17192.825190	
-16363.239900	
-16998.353580	
-16160.190970	
-15988.003240	
-15294.573000	
-14645.451980	
-13041.586230	
-14073.432390	
-13940.789680	
-15458.460110	
-14852.960330	
-10897.369960	
-11297.847580	
-11330.828880	
-11707.877900	
-12463.112890	
-12054.663570	
-13237.696530	
-12887.053030	
-14168.944180	
-14439.815730	
-4754.298490	
7530.410725	
8708.019872	
8360.653824	
9748.960677	
8974.309434	
10223.753970	
-4723.965671	
-3160.230300	
-4275.013319	
-3318.703582	
-11781.805070	
2571.341682	
1855.996954	
-3827.296900	
-4116.169154	
24687.111150	
-25889.722420	
-25191.365260	
-26127.296900	
-24236.934310	
-25233.110850	
-12822.236710	
-6830.910227	
-9283.829483	
4473.896650	
14072.388560	
11560.717330	
13158.824000	
24124.704090	
20970.050470	
17646.484240	
19062.534730	
938.979257	
1618.202988	
3122.544689	
5934.970605	
6231.758812	
6081.833951	
7233.176739	
4872.178418	
4180.451839	
15060.796730	
17092.541350	
18013.750940	
16155.094750	
18768.074610	
17278.504550	
-31994.035470	
20147.199510	
12202.177430	
12581.493650	
10997.514990	
11781.966860	
11064.409770	
9905.822028	
9957.909333	
12017.913770	
-6850.292458	
-5036.085362	
-20718.369250	
-19959.628290	
-20679.769460	
-18756.141140	
-19388.868340	
-18781.244130	
-20577.329280	
-6076.136158	
-6190.461917	
-7360.558997	
-5797.043692	
-798.341510	
-13.973855	
-868.063269	
812.402508	
1081.905386	
-21294.141530	
12423.398560	
12779.282690	
13376.779390	
14726.342110	
14200.618450	
15357.766460	
13298.253670	
12398.724680	
11627.688960	
11433.557620	
10623.424480	
9094.678194	
9736.522650	
10351.412940	
8403.261866	
-26477.296900	
-26795.517070	
-25970.752400	
-16172.124260	
-16591.206060	
-16721.629700	
-16635.838980	
-15890.655220	
-15079.548200	
-15752.540370	
-19027.296900	
-16007.395880	
-16563.884770	
-18025.481870	
16516.595700	
16164.522400	
20141.473060	
7090.974907	
-18823.262200	
-18084.321200	
-17139.314290	
-19904.042010	
-10625.235650	
-17004.649370	
-13796.620240	
-15391.643650	
-14693.028620	
-14065.609710	
-15767.137900	
-13666.244110	
-14570.893450	
-12656.022100	
-15460.965280	
-4180.032353	
-5130.182883	
-3621.065222	
9378.757089	
9504.819430	
-1592.798298	
-3199.188505	
-11790.584580	
1778.497053	
-4827.296900	
24192.055580	
25264.927900	
23263.868290	
-6469.653263	
-8448.052178	
-8004.685267	
-9327.421322	
-10908.467470	
-10397.380070	
-10029.131050	
-10407.303240	
3691.246297	
23160.748810	
24192.673120	
23092.779780	
23890.966460	
22859.042150	
23345.618000	
25401.694050	
23689.511480	
22039.058110	
22477.154750	
27010.810900	
23559.925860	
24189.424680	
19451.151180	
21368.812770	
20225.423190	
17245.805920	
15964.700950	
18066.364300	
18510.180060	
18233.547330	
20075.803250	
18044.313500	
17424.723420	
19537.200130	
7211.679526	
6402.561404	
8749.261324	
4686.351250	
15522.175030	
14720.374810	
16332.030250	
14204.570930	
13271.817550	
14104.356800	
13636.461330	
12657.510380	
-33127.296900	
-32892.888550	
-33285.747350	
-32933.737520	
21442.691120	
18597.033060	
9665.806719	
-7265.040027	
-8022.258037	
-5787.526341	
-8839.926264	
-7699.619784	
-8688.510369	
-6424.006694	
-6890.846712	
-7672.469163	
-5459.260783	
-6011.515622	
-6122.565175	
-18551.114900	
-8236.396610	
2115.825515	
1503.852699	
-19676.875220	
9074.877402	
-18540.236100	
-17481.584520	
-18410.787270	
-18127.296900	
-19701.005570	
-18870.093370	
-19601.299370	
-18587.492520	
17010.560120	
17879.731960	
15959.089210	
19552.897920	
18567.400570	
25607.192450	
20387.520440	
21023.246710	
-18381.815590	
-17489.397660	
-20914.110160	
-11178.327080	
-17988.481230	
-18027.325440	
-17111.150780	
-17777.038670	
-16958.116610	
-16123.847890	
-17970.865020	
-15147.223970	
-16207.117430	
-18016.922830	
-17332.638230	
-17286.315030	
-16456.224110	
-17353.182530	
-15482.465260	
-11688.347950	
-12221.544660	
-5906.981886	
-6505.936724	
-5834.843782	
-5679.124308	
-6704.054948	
-5147.389743	
-2925.177608	
-2496.178445	
-1820.926407	
-2205.131985	
-13274.594820	
-10747.993240	
2310.543941	
1418.610091	
3425.230979	
39.491505	
3409.487042	
2667.758342	
907.790219	
2295.923673	
1216.388044	
358.787435	
-1200.797764	
212.489155	
25267.207030	
-11044.076010	
-6344.803657	
-12336.791570	
-12664.122490	
14290.635090	
22272.968570	
22755.537250	
26808.505700	
24790.801130	
20329.517070	
19270.193350	
20076.763780	
19599.862400	
17910.417260	
19129.442330	
18796.472770	
17692.910840	
18143.654620	
18454.433370	
17552.999370	
18399.874040	
18463.622930	
18339.809540	
17620.220780	
16546.500830	
16142.195340	
16842.946200	
15795.095420	
16707.369550	
16856.845090	
16408.169450	
8462.473650	
8454.735103	
8110.807512	
9160.241722	
7794.710807	
19240.788560	
19463.097150	
17855.964680	
19921.808420	
18778.960100	
10111.226790	
8943.512984	
10874.312140	
-7767.528216	
-5453.286779	
-6846.732730	
-5926.867781	
-7113.791273	
-4871.648916	
-7740.063208	
-7767.953707	
-6945.803736	
-8283.226188	
-7549.129124	
-9142.119046	
2420.504668	
1247.264877	
892.168936	
999.976324	
2486.252498	
237.961800	
-20518.224190	
-20460.691100	
-19363.474430	
-19725.830330	
-18334.541340	
-20329.635730	
-20010.937670	
-17458.919520	
-17666.342460	
15356.547260	
-15701.869110	
-20701.001460	
-19942.622490	
-10635.302640	
-10036.237960	
-14935.594870	
-12939.628270	
-4324.206138	
-4310.025358	
-3346.392358	
-2250.759516	
-9721.605288	
4614.309122	
1397.090014	
-11938.690450	
-12056.004790	
-11704.156650	
-11599.433910	
-10170.625710	
-4745.872933	
-7609.269986	
-11411.390450	
-13019.355450	
-14222.553400	
22433.684300	
23357.525160	
21310.993570	
24530.381800	
25157.012520	
25029.450830	
26960.234600	
26027.261070	
25590.479720	
19173.300770	
15194.919160	
15513.234060	
15490.481760	
14413.890980	
14911.952850	
15288.393940	
15857.704430	
18685.433510	
16760.401270	
7733.015212	
10233.476430	
11951.577440	
-7994.083369	
-9195.353389	
-6894.973717	
-4214.458500	
-8046.682915	
1578.498475	
1840.264426	
2707.461216	
2163.378998	
3322.495661	
1694.556889	
1997.382734	
3253.684414	
2404.194101	
3552.991953	
3322.463328	
3405.257440	
3708.893459	
1632.568691	
4801.449245	
-341.525939	
-18217.148940	
-16831.445950	
-17648.040320	
-18519.493580	
-16437.873500	
16104.017860	
-16586.496770	
-16397.025240	
-15650.312150	
-16542.830250	
-15407.504710	
-16268.404550	
-21045.885420	
-20084.873220	
-19197.081070	
-18679.550160	
-18750.204120	
-17989.035410	
-17332.710160	
-20658.208690	
-19819.591110	
-21239.598510	
-18871.335550	
-18863.675110	
-10826.090980	
-9421.422951	
-12516.336010	
-13476.692620	
-12036.150840	
-14527.350660	
-12386.669620	
-11838.606940	
-11606.832160	
-12155.961310	
-11137.786220	
-11333.686840	
-12164.887670	
-10379.295500	
-2961.395063	
-10841.366550	
-5657.310463	
-5111.421002	
-5377.719956	
-4265.412186	
-3905.250125	
-12582.394320	
-11446.855090	
20758.942040	
24434.596190	
24099.502850	
25391.720350	
25924.128160	
19873.302300	
19050.232650	
17817.900810	
10253.546260	
11660.963920	
11095.788250	
12811.131900	
11312.108650	
-10357.244890	
-6213.891124	
-5069.378016	
-5555.920612	
-3740.446248	
-4574.820765	
-3880.361341	
-4451.702888	
-2767.524917	
-3522.074909	
-2722.423641	
3084.479334	
4198.864710	
5166.161170	
5117.289663	
6654.290983	
6158.869105	
-1123.942398	
-1195.953855	
95.093554	
-378.814778	
-758.957957	
-1336.273764	
-450.499886	
-318.988462	
1063.500829	
1105.647073	
589.708921	
2826.254100	
1066.685539	
1953.930939	
-20256.489470	
-17286.652820	
-15692.771320	
-15009.238550	
16012.154970	
13597.218230	
-14257.406750	
-13845.382790	
-17977.170170	
-17817.308940	
-18034.199530	
-17103.609820	
-19029.776560	
-8578.514250	
-15793.114020	
-13901.273530	
-14870.522740	
-13758.214340	
-14961.247020	
-11160.752090	
-11870.119760	
-11010.705100	
-10572.673760	
-7735.952900	
-11048.724540	
-12023.095510	
-8977.044050	
-2134.549503	
-11674.540130	
-12115.839200	
-10673.344150	
-2236.520808	
-2934.678742	
-12193.132960	
-11726.510380	
-11084.810470	
-12058.327400	
-13465.737990	
-11263.255650	
-10298.268340	
-12054.732240	
-11318.941040	
-13497.314840	
-11405.942460	
-12164.458420	
-12920.512370	
-13288.986100	
-14459.858430	
-12515.079900	
21325.678370	
22399.390840	
19827.644180	
21654.881790	
22436.452860	
21227.628120	
23191.464940	
23406.373490	
25968.015020	
26757.929400	
26859.082000	
18196.267360	
20480.075930	
17786.782250	
17116.415020	
8538.644485	
12807.802820	
12285.657500	
13606.277130	
11787.390210	
-10201.259150	
-5035.946225	
-6826.886764	
-7751.321981	
-5845.544695	
-4605.073081	
-5928.801355	
-5021.751624	
-5864.511952	
-2035.419253	
-1495.938906	
-1264.670898	
-660.878814	
-393.652682	
-637.753124	
-134.548772	
810.598347	
820.648933	
1940.167122	
-2851.203026	
-1858.744267	
-2580.606816	
-1282.262615	
-7.078851	
-1046.087270	
-300.638093	
-19309.244610	
-19406.315450	
-19762.669180	
-20636.677300	
17338.696250	
14343.463060	
-14761.378240	
-13291.184110	
-14440.834090	
-14772.066940	
-14191.574590	
-15250.960980	
-15469.988780	
-16772.940200	
-14436.997020	
-8868.424856	
-3250.798071	
-3697.732015	
-14459.774700	
-13289.670160	
-13113.636950	
6855.883419	
26072.362420	
25555.409200	
26062.385780	
18449.852130	
19063.647000	
16871.173920	
18866.807200	
19040.387200	
17386.135180	
19595.582140	
20301.299570	
19523.198360	
21428.059590	
21520.385400	
9473.952801	
9020.793765	
8977.985669	
8745.155963	
7935.882091	
7906.879739	
10471.342190	
-9968.121514	
2546.343745	
4181.008080	
3235.749910	
2443.914162	
-911.180039	
-468.377349	
-570.918241	
565.297673	
1819.018581	
-20970.539800	
-20098.670370	
14986.195490	
12844.345160	
-16429.202450	
-16272.280290	
-15785.376040	
-14614.097150	
-16007.211410	
-14394.607870	
-9904.712464	
-9045.638316	
-3397.458729	
-2314.468654	
-4114.359634	
20353.704430	
6352.983209	
21901.524220	
6187.369611	
6725.091475	
-11657.648430	
-8957.943800	
2482.157121	
1694.591571	
3817.582289	
1272.270393	
1121.974687	
-239.334433	
473.291544	
-620.082325	
511.749948	
-21595.077560	
13725.729820	
13129.818220	
13533.337440	
12193.509020	
11944.642500	
-17563.610040	
-15582.992850	
-13342.493950	
-9520.874284	
-10040.309010	
-9256.927224	
7546.729712	
6613.293116	
7773.305165	
-10793.607080	
-11034.132010	
-11850.167790	
-12794.143090	
-12811.292830	
-11608.242630	
-445.978346	
2292.135671	
10209.511380	
11155.241960	
-16919.796520	
-16688.667510	
-18321.934790	
-16222.996880	
-17347.198110	
-13422.610790	
-9009.003181	
-8288.195297	
-9834.048228	
-7490.866754	
23524.556110	
5445.224847	
-13921.703330	
-12364.267790	
-231.025978	
-1935.204417	
1005.193995	
-1059.236368	
-1341.974369	
-1800.458724	
-1734.716829	
-2434.432445	
1524.011746	
2734.469241	
11229.688420	
11835.108880	
-16777.226600	
-18494.784720	
-8277.837186	
-10697.995510	
-8401.788858	
-8102.487476	
-7700.023476	
-6783.518969	
23183.499090	
26359.577980	
22337.388010	
5270.356212	
-14111.034780	
-3606.394961	
-3483.561658	
11070.681710	
10758.713000	
12343.370880	
-19034.654220	
-9236.178485	
-8647.434352	
-8981.513293	
-9502.200922	
-9929.318016	
-9274.982927	
-10494.123260	
22848.320870	
-13275.360980	
-14022.502300	
-13062.569190	
-14774.330890	
-15611.236640	
-14855.739400	
-16399.071700	
-17121.210370	
-15327.057900	
-17283.357730	
-2771.507946	
-2724.371459	
-3535.370116	
-2672.563002	
10878.074450	
11711.185170	
9535.190471	
13137.144730	
12164.196460	
22893.664200	
21189.681070	
-16911.772350	
-2206.877549	
-4200.109949	
-4313.675618	
-4463.624529	
-3890.572661	
-5080.771487	
-4655.928194	
13798.087420	
10795.308190	
-18309.659600	
21524.144810	
22056.656670	
20137.556520	
21810.908220	
-17403.973410	
-2819.627814	
13168.602200	
11246.338050	
23626.963790	
24774.601580	
24022.394160	
20776.363820	
-16323.926040	
-3551.527837	
-1903.387474	
14770.053310	
12288.684700	
9982.553105	
22673.453670	
21374.859970	
19625.411100	
-18991.420240	
-15598.676580	
-16144.765680	
13874.282780	
14064.709610	
14344.232610	
15772.939800	
14880.131370	
18348.532130	
-17813.318990	
16429.017430	
13834.644220	
18766.036480	
17289.929090	
19287.166550	
18918.709970	
15824.184020	
17386.106450	
15152.992020	
14111.399250	
12910.028280	
13055.650140	
12113.520340	
11687.699120	
12804.120300	
13763.197640	
11858.452290	
10516.428200	
10728.081420	
13047.602200	
13904.175060	
12431.154410	
15262.875460	
8787.023176	
9793.851009	
8991.852947	
9524.662592	
9155.659424	
9800.922013	
7653.400616	
10940.570550	
9789.337112	
10644.309860	
8827.328857	
7982.938353	
7039.026962	
8036.599355	
6919.124470	
5991.726317	
5353.587518	
6731.244392	
21467.076650	
-31264.842340	
-32327.296900	
-30927.296900	
-27640.576900	
-6017.489749	
5015.782382	
24500.597670	
25000.461770	
14382.238570	
20554.624970	
19883.278790	
19412.656750	
20498.300430	
20163.843670	
18961.899380	
18430.145780	
18273.195840	
17570.113740	
16295.633210	
16871.073200	
15729.454280	
16668.917960	
18222.208810	
17474.783280	
18351.233630	
18694.498660	
15697.582600	
17979.116820	
16684.771770	
16588.710870	
17085.528930	
15955.647430	
15607.907490	
-12792.302020	
-22069.067820	
-13437.388410	
-14326.419250	
-14523.541510	
-14402.439320	
-13566.707740	
-15184.901290	
-15497.251450	
-14592.139310	
-15384.082190	
-16850.459450	
-15999.267900	
-12316.310980	
-11451.527150	
-13046.578170	
-11655.424020	
-10603.091470	
-12241.756330	
-12237.942460	
-12833.047900	
-13760.972080	
-13935.828070	
-14364.255200	
-13210.800180	
-15277.296900	
-13377.296900	
-14221.821130	
-9151.087992	
-15235.706630	
-14868.660420	
-9718.984039	
-8885.432561	
-10313.683000	
-7831.479090	
-9318.860958	
-9555.353027	
-8281.093100	
-10777.296900	
151.498236	
-650.906053	
-1312.422025	
-1825.854650	
-25155.655940	
-27771.618500	
-19355.487440	
19890.435890	
17827.742460	
17747.709670	
16425.759740	
17719.348640	
-7315.841850	
-17855.433950	
-16750.729040	
-16772.455730	
-17364.423660	
-11643.633000	
-22177.785740	
8003.123666	
8695.475989	
9236.708281	
10786.909830	
10016.112020	
11331.070600	
9903.600038	
10732.993580	
10074.361510	
10937.480960	
9762.257959	
12413.333600	
10719.734290	
11597.222530	
12404.879890	
11428.510380	
14088.627340	
11706.000960	
11272.703100	
11077.279690	
10358.006630	
13411.708100	
13189.003580	
13541.833650	
13697.089070	
15068.912480	
14305.296700	
14369.358330	
14974.451940	
15812.965480	
16511.843040	
-1862.407168	
-20849.808240	
-21844.273240	
-20365.317330	
-20117.116870	
15789.317820	
17177.648980	
17572.703100	
19222.703100	
18236.510490	
17367.225410	
18222.703100	
16668.047070	
8285.739127	
20700.390070	
19906.421500	
8631.684852	
-4138.257673	
-3770.175350	
-2758.703967	
-3587.651532	
-3315.579574	
-3308.191481	
-2433.109838	
-1609.020009	
-2287.530164	
3690.213161	
-35027.296900	
-34281.463570	
-34977.296900	
18625.291360	
18632.731820	
-4951.741200	
23827.412300	
23747.425480	
25669.667700	
22515.708750	
24603.416550	
23019.662320	
23683.087420	
24808.428700	
26188.510400	
15180.542460	
14450.940220	
14536.038350	
12998.267580	
13591.647060	
12760.153210	
14358.337500	
12811.238730	
12141.533820	
10727.259010	
11716.592250	
12184.726450	
11431.605050	
10298.604790	
13159.273700	
22174.572390	
-20244.806530	
-20137.133810	
-18973.048950	
-21032.655590	
15488.438210	
-27735.589860	
-23210.399690	
-31967.055750	
-27341.292850	
-27190.889450	
-26376.784210	
-28397.248090	
-28536.996200	
-29134.470660	
-29345.709670	
-30286.165120	
-8566.630302	
-7847.420805	
-305.535462	
-469.510641	
343.868443	
-15378.162610	
-16119.790140	
-16889.658320	
-13369.738530	
-14041.262310	
-14035.797880	
-14129.843280	
-22792.908740	
-24716.204740	
-23605.804640	
-22449.824110	
-23263.383280	
-23697.907920	
-22031.490420	
14390.944370	
15100.991700	
14640.103880	
14610.800520	
15774.657250	
13174.377690	
16135.395100	
15848.321560	
17218.754950	
16732.369890	
17465.694240	
17637.580640	
17201.540750	
16345.148540	
16291.534370	
14521.480290	
16606.495920	
17744.810160	
15436.716390	
15385.682020	
14560.518610	
12944.300650	
13732.996890	
12762.842540	
11557.770560	
11323.440440	
14571.567260	
15280.678560	
16119.713770	
14005.128370	
15935.473240	
17140.624090	
15312.660170	
15268.639510	
14425.470990	
18019.930210	
13654.922820	
12711.224730	
14308.939500	
15069.998120	
13037.919850	
13691.753680	
13317.089130	
11702.995640	
12813.736300	
12422.312840	
11207.947160	
2587.730800	
3368.606596	
19036.499880	
-19483.570120	
-6668.983936	
-5272.043000	
-4895.070050	
-1649.402050	
-2437.742202	
-2839.125408	
-3209.922659	
-2450.124688	
-3276.402160	
-4079.124279	
-4049.284348	
-5199.832854	
-4415.038580	
-4878.911584	
-6230.971904	
-4598.162402	
-5491.692438	
-6404.883621	
-7466.823404	
14934.092340	
9544.774859	
10498.185640	
8022.410375	
10952.236510	
8470.667130	
8922.094055	
8847.065600	
6676.616503	
7861.594664	
7537.892752	
6474.888341	
-22365.586190	
-16153.477930	
-16868.845840	
-16125.250850	
-3587.954848	
-2850.190504	
-2725.607245	
3599.387975	
5515.940440	
5537.028694	
5322.703100	
3722.703100	
3783.888937	
17156.512000	
17740.436540	
17193.929470	
16304.067330	
18419.925120	
12896.579840	
22373.832280	
22443.855100	
-19927.296900	
-18944.613820	
-16092.153300	
-17685.146180	
-5864.950751	
24663.173960	
16662.175980	
9224.550226	
18552.365640	
17189.694380	
18059.445160	
17730.726530	
18372.211490	
18745.875100	
19330.459660	
17909.551960	
17147.053750	
18686.862810	
-6604.829126	
-4269.788605	
-10864.106700	
-14673.086160	
27061.387200	
24791.286800	
25744.356990	
13907.469050	
4394.243138	
958.471441	
395.132162	
11.312585	
-730.655969	
-665.962420	
-19632.330120	
-18076.731320	
-18688.643980	
-19384.619080	
-18788.549730	
-10095.140830	
-5108.232865	
-4753.703450	
-4576.876964	
-10674.964100	
23311.625390	
22247.759850	
24250.987410	
21938.253750	
21889.754150	
24113.794770	
24879.685510	
25501.871460	
21146.921670	
5511.172926	
5951.540124	
5935.274069	
5883.015234	
6710.082446	
7318.286040	
8353.986849	
6757.750011	
5876.291286	
7957.423389	
7436.819295	
7816.696750	
573.313910	
1550.204574	
2012.346559	
1481.549679	
-15150.826010	
-12981.409400	
-13135.624660	
-12620.750930	
-8570.584482	
-9966.136829	
-8887.755233	
17936.631320	
18544.871900	
-5714.861147	
-6177.429200	
-6005.447470	
-6698.022635	
-6274.895470	
-6530.765588	
-20789.166020	
25039.147490	
22076.382080	
11294.345390	
9834.070615	
9570.996502	
8070.397481	
4384.519309	
5964.672170	
5558.891712	
5041.959071	
5216.217570	
7588.485518	
5734.367919	
6586.336268	
7659.854875	
6764.936027	
7345.805943	
6779.043615	
8649.841747	
6025.400697	
6359.856226	
7008.187545	
7889.826182	
8234.086567	
8570.244287	
7873.383910	
8298.335187	
7383.704393	
6894.279327	
7396.047596	
6530.988091	
8344.817480	
5145.858414	
5729.555684	
9351.310335	
4235.962857	
6410.361964	
4942.894076	
4344.643228	
5075.753703	
4577.905289	
3355.312123	
5413.779510	
4087.592178	
6356.354274	
3800.917283	
4481.927706	
5174.377203	
3645.582645	
7501.036172	
1104.595867	
2039.219464	
2949.563327	
3587.962698	
4450.533264	
2906.102212	
3756.515581	
4799.329592	
5242.956339	
-982.879800	
-4762.810404	
-5509.932138	
-6176.865303	
-5990.809483	
-6946.442196	
-6616.403978	
-4801.720758	
-7670.821326	
-7202.051078	
-6926.143394	
-7281.732867	
-7613.088091	
-7874.537145	
-8518.569323	
-8950.293317	
-8309.807564	
-8704.481733	
-9573.278101	
-8274.579184	
-8986.317673	
-9900.411185	
-6682.857699	
-5710.109039	
-4978.240141	
-6387.466967	
-6828.816776	
-5930.375179	
-7333.454011	
-5238.452657	
-7000.468753	
-7913.997999	
-3251.267153	
-5449.313642	
-8057.808165	
-4270.080823	
-5661.607671	
-4554.798868	
-6271.914496	
-6121.159886	
-6997.809533	
-8892.294599	
-8419.947262	
-9698.977234	
-7113.705682	
-8798.159310	
-3539.580824	
-4430.487268	
-5173.717428	
-4578.419499	
-5714.731089	
-3121.847717	
-9345.037041	
-8151.181172	
-4.254860	
336.581391	
-22806.674870	
13654.181200	
7371.923242	
6533.102950	
8507.362978	
9281.896939	
-12650.098320	
-13093.011720	
3863.337053	
-13788.027330	
-886.333650	
-1174.607013	
2097.399612	
-17716.462390	
5760.102997	
4866.905109	
4175.817526	
3779.790061	
-18212.489140	
-17612.578850	
-17616.205900	
-18909.704510	
-16657.596360	
-11885.531850	
-4702.216164	
-5376.253191	
-5613.379028	
-6655.644731	
-7500.471512	
-8417.871152	
-8695.825735	
-3482.535968	
-4690.151224	
24895.441090	
24332.477500	
25203.254860	
26180.833260	
26735.770740	
15129.322180	
15738.279540	
17274.073360	
16474.527270	
10273.203230	
10210.420830	
9491.123267	
8823.328616	
9267.245193	
9079.274052	
10080.404120	
9951.498284	
9438.200312	
10621.900810	
10282.432150	
9372.133234	
11053.714440	
8697.683210	
8016.947662	
23219.757840	
23813.686230	
24604.622810	
24574.242980	
25983.385210	
24821.704020	
25244.577010	
24854.806930	
25265.296700	
25795.288830	
25230.999690	
25664.381730	
25252.076090	
26547.674360	
25998.792180	
24077.133610	
24984.519460	
25620.941350	
24388.628340	
24055.033460	
22063.579070	
23048.134730	
21239.064540	
23665.753160	
20254.797900	
-16390.875850	
-16357.836660	
-14953.001680	
-14434.557270	
20001.067060	
16503.978380	
10356.954250	
9675.934523	
11587.528210	
13007.803020	
12460.036180	
13632.831120	
11647.711170	
-30377.296900	
-29910.128000	
-30673.304920	
-30191.907720	
-31477.296900	
-26286.545900	
4428.375879	
5334.564050	
5593.148841	
3315.256200	
7264.750234	
3649.678086	
4180.808648	
1213.806750	
5044.375661	
2312.150025	
3933.733053	
6506.066439	
7526.478450	
6228.995909	
7309.624044	
8461.985565	
4310.525123	
2134.458281	
10352.572500	
4408.468183	
5926.306153	
3192.847918	
2951.908263	
1924.185979	
9617.507050	
9403.165441	
8431.146293	
10471.005280	
7684.813470	
7776.663981	
9033.044498	
6989.702690	
6662.875440	
6249.389916	
5785.491903	
5523.086465	
9357.038642	
9991.064507	
11392.184820	
9808.301685	
7790.095093	
6969.645333	
8024.685571	
6340.774695	
8489.737938	
9313.886308	
10168.477340	
8916.719495	
11245.830140	
9588.834973	
6399.586344	
7123.716103	
5220.723822	
8388.593530	
7255.490008	
8127.703821	
5527.639915	
9267.076711	
7152.871800	
6224.645745	
9309.217998	
8713.528743	
10074.703910	
9924.807259	
8991.433043	
7018.524640	
5011.468852	
18563.607900	
20027.408310	
18971.143310	
18186.224730	
17152.911460	
17210.726000	
15740.693160	
16266.227270	
-22856.874250	
-17081.208980	
-15064.739870	
-14141.709290	
-7375.647594	
-7223.172567	
-8371.267542	
-8642.170027	
-8219.280502	
-7727.296900	
-10576.763510	
-461.368077	
-1268.881984	
-1342.751799	
-25682.806990	
20242.795620	
20826.348340	
20875.648350	
16349.157060	
17014.624680	
15738.430090	
17082.795080	
16473.643340	
15767.467140	
16583.038310	
16940.527370	
17686.002040	
17660.650410	
18034.228210	
10534.136580	
11753.334560	
11682.820670	
13518.813870	
11938.484650	
12522.968320	
12921.506690	
12955.582600	
13888.883370	
14965.764210	
14852.797550	
12866.936550	
9585.326155	
-19382.593950	
-20416.490230	
-3440.565654	
15419.573840	
15206.710310	
14284.287250	
13679.880810	
13702.867420	
12367.883370	
14950.749130	
10992.615060	
13537.226830	
-18508.942910	
-17238.886540	
-18062.959930	
-17629.608840	
-18305.648480	
-16610.141400	
-15526.534830	
-16323.787870	
-15552.745530	
-16584.890720	
-14858.951170	
-13645.665060	
-14712.180450	
-14384.660300	
-14091.675330	
-12590.802180	
-13455.070670	
-12472.481250	
-13714.373410	
-21473.266800	
-19987.460790	
-19260.686140	
-19422.896850	
-20577.846750	
-19071.934340	
-17900.121630	
-22931.649030	
-24377.296900	
-22000.594790	
-24505.740940	
-24048.400600	
-23067.954930	
-24892.686580	
-24261.181440	
-24189.587690	
-23619.855040	
-22402.552350	
-23254.492260	
-22789.374210	
-21279.875460	
-21907.332120	
-20565.127080	
-21504.864260	
-20845.868220	
-19653.959450	
15433.963680	
16160.649140	
16674.327270	
18204.065560	
14228.003370	
11804.292060	
10105.202280	
12113.188890	
11955.322450	
12596.036400	
11020.949280	
12175.330570	
13566.857980	
12434.180010	
11636.402010	
9989.644912	
10871.504560	
10366.685640	
10529.290810	
9636.184802	
8938.086225	
11029.722680	
10654.585620	
10641.485640	
9725.422249	
9224.078885	
8879.018896	
9545.346787	
8322.298541	
7930.504482	
6858.803940	
8412.290149	
8424.362441	
7518.752323	
9154.226525	
9345.143233	
6565.055668	
7366.238913	
9916.114609	
10128.740160	
8164.552846	
10017.181580	
9088.101813	
10762.042890	
12791.446130	
7831.260186	
8267.442581	
6979.183645	
9200.306078	
11982.202820	
11860.483560	
10634.063500	
12221.499230	
12751.722540	
11322.741390	
13217.709270	
10413.952900	
10454.377370	
8957.693075	
9478.324332	
13374.370770	
7585.808163	
12421.969040	
8487.859825	
7353.837072	
8560.766212	
12187.774010	
-7645.435557	
15861.242950	
9714.586538	
9569.311400	
8745.438995	
7678.372983	
4709.028146	
5348.405325	
4429.438650	
5869.427220	
3576.571525	
7980.151250	
6918.488339	
7101.532625	
15532.623230	
15082.979800	
19812.872390	
21396.814620	
22789.816650	
-15352.489850	
25557.254960	
23618.959840	
24508.593960	
24977.159090	
23010.150490	
22232.908430	
23783.799990	
22041.038720	
22659.348380	
16051.169020	
16485.469910	
17203.167570	
17010.836620	
19131.015090	
19501.983020	
19295.690260	
18192.473660	
18000.362700	
17060.476870	
26326.570240	
1243.131676	
2614.039747	
1871.306318	
326.736171	
331.736892	
963.104348	
-1061.690066	
-1471.357783	
5494.139479	
6629.524447	
4318.491718	
7040.174056	
6603.186531	
3408.105201	
6104.273303	
2347.044707	
-9746.841671	
-9769.048502	
-11027.037140	
-8882.799320	
-9040.260031	
-10167.368300	
-7270.828457	
-11382.736750	
-8112.723138	
-8030.991697	
-6494.861750	
-7983.688556	
-7033.475871	
-19995.269690	
-20348.220480	
-20436.215220	
-21138.261810	
-21354.201020	
-21452.504430	
-22253.547940	
-22459.865290	
21485.993830	
20793.435280	
8225.229908	
3062.736776	
3034.430848	
3903.134670	
7531.825034	
7875.763893	
4423.246067	
-1780.783871	
-4731.264461	
-3825.215140	
-7854.558443	
-6764.492926	
-5543.012394	
-7693.728515	
-5925.174442	
-4253.169847	
-6628.303303	
-5065.620463	
-4935.405783	
-4148.178582	
-4120.270217	
-2976.686956	
-2822.402246	
-6181.883209	
-7322.909147	
-10229.863360	
-6257.728869	
-10503.075900	
-11605.430810	
-10828.256830	
-11526.968120	
-10902.017220	
-12262.967680	
-11730.232220	
-10117.603120	
-12799.857140	
-12490.324590	
-9297.711653	
-13562.986850	
-8680.878496	
-14420.052710	
-8233.696705	
-13794.968250	
-7669.375155	
-13318.674020	
-12858.509940	
-23342.203450	
13086.781600	
7314.390840	
7084.821672	
-12992.165140	
-12229.237980	
-15159.345790	
4578.346984	
5111.824799	
5492.132199	
5397.958741	
5507.745060	
4467.401413	
4340.190670	
2881.916312	
4725.784684	
5607.562071	
3460.855462	
3540.460422	
3725.282701	
2163.511733	
3022.710305	
2661.049009	
3285.934973	
6042.503617	
6830.034793	
5084.221577	
4108.941039	
5202.574000	
3133.792426	
3714.823616	
3394.874958	
2471.466169	
-16358.094510	
-15761.468860	
-16126.635040	
-17923.617160	
-17077.385570	
-17741.141780	
-16802.639380	
-16017.366570	
-15632.465530	
-15278.976900	
-14286.908180	
-14176.358330	
-14207.763430	
-15034.803250	
-11865.742650	
-12635.530250	
-12649.035540	
-3031.109159	
-2436.451247	
-2531.149453	
-3460.157237	
-4744.044349	
11576.346060	
7258.537176	
6367.075778	
7218.250101	
7065.988508	
8320.182882	
26437.769100	
24412.674200	
24478.614160	
22773.047350	
22803.841250	
21981.857560	
21264.829540	
-17154.189500	
-16937.515170	
-15234.208310	
14636.018690	
14953.413720	
14499.858700	
15741.105420	
13980.751970	
14435.507450	
10699.380720	
11116.061070	
-25989.006940	
-25545.788510	
-26729.764320	
-25772.442900	
-27227.296900	
-26617.580080	
1534.728905	
2552.417149	
2907.624267	
1450.647215	
2174.164514	
1907.036620	
1250.826686	
2549.120218	
321.994878	
115.463475	
536.151904	
-553.758224	
886.042560	
-715.531180	
1122.701743	
-1512.053360	
-730.433107	
1168.994876	
-3041.921571	
-1015.916252	
-63.768867	
-1927.374882	
-2622.751592	
-2727.019568	
11087.637950	
11231.690110	
12028.774150	
13541.692200	
12580.556930	
12682.197800	
13243.455730	
11008.894190	
11794.082810	
12118.033510	
10816.265660	
5152.973298	
6336.870907	
5698.684488	
5486.611552	
4293.818572	
4318.589160	
3977.235059	
19561.966870	
18989.776540	
19415.536440	
18322.703100	
18202.184990	
17072.703100	
18503.097710	
17790.711920	
17350.992550	
17228.544730	
17631.089600	
18712.815060	
18181.278410	
19045.022790	
19778.055650	
20607.800030	
21771.528900	
21693.790150	
20967.222160	
20994.537140	
20893.137040	
22726.962900	
21766.117000	
20830.399520	
20612.196660	
21779.860700	
20452.791930	
19097.044970	
16455.837010	
-16346.106730	
-8308.607872	
-7575.832725	
-6827.296900	
-8627.296900	
-9271.428268	
-10013.498030	
-11402.296900	
-11391.814280	
-10851.435110	
-11097.218720	
20078.249460	
12080.950950	
-2607.700008	
12326.065460	
11624.998530	
14934.607210	
14622.154820	
13669.636720	
14600.114320	
15150.553970	
15775.931430	
-17429.744530	
-17312.076240	
-15980.997060	
-16943.965620	
-16394.991580	
-17577.921700	
-16877.077980	
-17867.622910	
-18748.717010	
-20205.153300	
-19533.373790	
-19364.273980	
-20374.253120	
-20257.807340	
-21315.950470	
-19200.741340	
-21486.649240	
-15496.460990	
-14910.379500	
-14367.851390	
-13317.164770	
-15269.055630	
-21225.447550	
-23842.965100	
-25727.296900	
-25310.244170	
-25582.028170	
-19721.097600	
-19437.874300	
-18673.257740	
-20101.171560	
-21264.764160	
-21284.721130	
-22066.027370	
-22017.635840	
-22839.039850	
-22528.721790	
-23272.224430	
-23656.353830	
14285.630750	
14902.491950	
14925.815400	
14198.725480	
11402.595530	
12173.235590	
12339.103630	
12462.598250	
11637.367410	
10870.569760	
10191.897520	
11070.893020	
10771.145500	
9693.282956	
7336.420180	
10588.729590	
11238.295510	
9955.965256	
9202.803129	
9205.107753	
8576.245735	
9518.449148	
10176.841000	
8997.404374	
8359.652901	
8940.280113	
7697.552438	
7112.462024	
11702.961650	
10604.521940	
12365.717250	
11355.716520	
7810.603781	
5518.802230	
5951.948002	
6302.574000	
4102.574000	
6175.696069	
5316.457442	
5710.966932	
4227.662789	
3379.480613	
8858.769875	
7643.807452	
6706.376625	
6671.886101	
14870.513650	
14677.951470	
14282.692510	
15002.759650	
16151.740660	
15768.127690	
16820.671020	
17311.576520	
18063.882700	
17980.204580	
17403.240790	
16952.547990	
18466.211800	
18796.960380	
17473.601630	
19142.711280	
19037.815550	
24459.440650	
23648.162800	
2532.410673	
4437.835300	
7695.081856	
-11857.576430	
-12604.970340	
-12183.405670	
-11737.133080	
-12224.429520	
-10346.744490	
-7885.711255	
-7606.334232	
-7009.748320	
-6500.538664	
-6109.004357	
-5333.153517	
-5969.260420	
-5174.345579	
-3996.579150	
-4362.008638	
-4866.329942	
-4356.114859	
-3502.937477	
-2731.147279	
-3624.238685	
-3173.220373	
-3184.938154	
-2011.646625	
-2231.186720	
131.593150	
-1200.178831	
-839.832188	
-4483.443174	
20269.005320	
19567.285050	
18735.848370	
17563.284080	
5043.894221	
-1887.375520	
-3724.585728	
-10017.058740	
-9372.664783	
-10931.188300	
-9578.015121	
-8873.986441	
-10680.093450	
-11184.069510	
-8171.974322	
-9178.490712	
-9776.799241	
-10315.446910	
-11712.330360	
-11801.209000	
-12668.087120	
-8658.654859	
-7969.163003	
-9494.416042	
-11263.418420	
1738.526985	
592.960876	
-18683.789360	
9419.525418	
8937.992490	
9815.039684	
10212.726580	
23956.114410	
23462.312170	
23278.593890	
22168.665970	
23170.642210	
21436.163950	
22601.783890	
22282.823300	
15672.374340	
16353.442960	
15840.715350	
16272.603360	
15200.176300	
15180.906760	
15717.045230	
16660.955070	
15543.007930	
17455.415860	
14210.898400	
13667.723560	
2206.791126	
3131.742724	
2526.626286	
3108.959412	
3717.340075	
2254.988241	
1176.134641	
-408.501592	
264.980785	
252.983735	
556.818450	
-840.399497	
-168.465065	
-1439.367479	
-1505.920309	
-1089.683153	
-1260.001756	
-3115.000744	
10292.081740	
4928.895198	
4735.785592	
20009.143330	
21629.127550	
23126.941150	
22494.529000	
24107.015280	
23100.699000	
13913.357230	
14401.186600	
15608.659950	
14895.989120	
-21909.238540	
-19996.223240	
-20729.081050	
-18739.265810	
-18305.168380	
-18301.699830	
-17512.383620	
-16862.145770	
-22119.617050	
12133.750380	
11368.281380	
10662.544680	
2735.993519	
5165.026649	
5954.117317	
8407.117752	
23694.699900	
24397.063210	
23078.394020	
22958.555570	
4674.856818	
3641.679672	
2897.755249	
2125.217728	
-12850.185040	
-13003.297380	
-13714.095920	
-12443.699000	
-13386.770630	
-10619.154440	
-9875.065945	
-6138.948060	
-5218.946873	
-4259.225054	
-2838.077221	
-1303.897275	
-2153.471385	
-1483.662697	
317.375865	
17960.163810	
4606.149883	
4094.190755	
3499.326893	
5870.374974	
5109.308575	
5620.115738	
5176.764290	
5601.440763	
-2891.805379	
-3022.920875	
-2179.691148	
-2040.336034	
-2054.172244	
-11098.533340	
2566.119410	
2487.732762	
1613.558311	
2071.392880	
1768.154662	
721.417560	
595.485998	
1484.543094	
1675.532699	
1288.579100	
866.797842	
1069.110633	
1528.807328	
622.951949	
2285.331031	
-876.601341	
-393.729918	
1.374942	
-95.584650	
769.775465	
990.860916	
-47.043387	
-1388.615311	
-1039.655336	
-2032.639039	
-2045.053770	
-1012.152019	
21336.641860	
20128.610850	
21923.569640	
20109.428600	
16588.653500	
2486.962935	
422.604640	
21511.259700	
22238.252720	
20659.609980	
22346.781630	
21744.235830	
19959.563030	
19824.969790	
3260.980174	
3763.159940	
-3391.585746	
-2339.480770	
-1792.080133	
-1203.162141	
-972.047687	
-183.025433	
342.205332	
-196.795512	
-947.315695	
-174.973592	
-2021.642487	
-2578.482086	
-1843.298459	
-3278.013315	
-1490.919256	
-586.918962	
-3802.293015	
-3756.741954	
-3131.070125	
-522.253921	
2231.639522	
1567.083575	
3266.238295	
2446.751482	
1086.667920	
3219.269463	
1658.961427	
3345.868756	
1569.757293	
2538.282817	
-1581.923369	
-2034.201862	
-2411.155062	
-3065.499196	
-2619.716463	
-3367.478113	
-3862.295210	
-2716.534953	
-1967.275926	
-667.254995	
-1191.901091	
-141.844867	
-2880.698332	
-299.025826	
-228.246962	
688.918767	
-877.145069	
19814.824970	
19774.463250	
2195.370912	
1255.028919	
643.104011	
1448.807426	
1924.740280	
2849.453300	
255.091459	
8639.520759	
-1777.296900	
-910.105082	
12736.937420	
14004.091450	
-9087.187882	
-22114.200980	
-18046.068660	
-18202.399580	
20381.324530	
19852.292190	
20612.846030	
13023.610350	
-1486.442160	
14826.598420	
11299.670530	
-13761.732650	
9869.461656	
15851.181410	
15469.239090	
-826.613640	
5348.204517	
-4435.234957	
12297.465240	
4201.614624	
-3310.438603	
-4553.703450	
-3179.566350	
-3780.659326	
-3826.136779	
-2081.223075	
-2823.820108	
-1726.761119	
-2310.392436	
-4277.909625	
-3937.494484	
-5004.474978	
6572.482175	
5896.883243	
4685.292767	
4428.024201	
16935.390000	
